1.11022e-16 2.22045e-16
-0.0171411 0.999632
-0.00326047 2.29286
0.0149542 3.23276
-0.0066351 4.03838
-0.0281445 5.11407
-0.120638 7.01057
-0.147857 7.64767
-0.175773 8.29366
-0.199305 8.95291
-0.217586 9.61418
0.0618349 11.2265
0.0355405 11.8869
-0.0314086 12.7413
-0.0879556 13.9125
-0.128867 14.7409
-0.162052 16.6102
-0.162053 16.6102
-0.162053 16.6102
-0.162053 16.6103
-0.162053 16.6103
-0.128775 17.6083
-0.171359 18.2325
-0.24199 19.275
-0.281071 20.4046
-0.30657 21.1987
-0.45379 23.2774
-0.481453 23.9082
-0.509361 24.5448
-0.531297 25.2055
-0.564159 25.8758
-0.60052 26.7429
-0.641963 27.7363
-0.649455 28.986
-0.664758 29.7321
-0.631759 30.8788
-0.658291 32.4991
-0.658356 32.5011
-0.658424 32.503
-0.658481 32.5049
-0.658529 32.5069
-0.720409 33.6126
-0.738028 34.344
-0.779422 35.4124
-0.789437 36.4776
-0.804432 36.842
-0.898145 38.7074
-0.898145 38.7074
-0.898145 38.7074
-0.898145 38.7075
-0.898146 38.7075
-0.918887 39.6496
-0.995869 40.7276
-1.04053 41.586
-1.07933 42.6313
-1.1167 43.5966
-1.17968 45.3084
-1.17968 45.3084
-1.17968 45.3085
-1.17968 45.3085
-1.17968 45.3086
-1.19164 46.3105
-1.23169 47.0661
-1.26639 47.8486
-1.28838 49.0376
-1.32665 49.9937
-1.33748 54.8809
-1.36799 55.6902
-1.40991 56.4914
-1.46597 57.2903
-1.50774 58.0777
-1.54822 58.9182
-1.57821 60.1944
-1.61953 61.0525
-1.6626 62.0915
-1.67154 63.259
-1.7524 65.286
-1.7524 65.286
-1.7524 65.2861
-1.7524 65.2861
-1.7524 65.2861
-1.85715 66.6926
-1.79294 67.9795
-1.84969 68.7806
-1.82934 69.9633
-1.86309 70.8475
-1.91546 72.6981
-1.91547 72.6983
-1.91548 72.6985
-1.91549 72.6987
-1.9155 72.6988
-1.93218 73.7301
-2.08853 74.6391
-2.12256 75.4286
-2.1752 76.3816
-2.20975 77.2534
-2.25441 79.2965
-2.2572 79.3553
-2.25971 79.4131
-2.2619 79.4693
-2.26486 79.5227
-2.3947 80.4822
-2.50264 81.2669
-2.56743 82.0011
-2.68221 83.0266
-2.75737 83.9367
-3.00159 86.0553
-3.00482 86.0802
-3.00737 86.1047
-3.00981 86.1275
-3.01215 86.1497
-3.36024 90.7552
-3.47949 91.8934
-3.53166 92.8804
-3.58944 93.7819
-3.60652 94.5422
-3.47285 96.482
-3.18065 97.9193
-3.13915 98.6092
-2.98041 99.5947
-2.98041 99.5947
-2.86686 100.439
-2.57882 101.471
-2.29484 102.492
-1.89189 103.5
-1.61415 104.234
-0.410697 106.491
-0.239002 106.945
-0.0491563 107.382
0.156598 107.813
0.375591 108.229
0.730598 108.815
2.32953 110.134
2.94486 110.748
4.73701 111.556
5.30202 111.932
6.75035 113.139
6.75042 113.139
6.75051 113.139
6.75063 113.139
6.75081 113.139
7.23851 113.214
8.10474 113.555
10.1094 114.238
10.9556 114.429
11.9009 114.655
13.8825 114.973
14.5283 115.04
15.1756 115.106
15.8375 115.168
16.5187 115.238
17.2388 115.261
18.675 115.322
19.3297 115.318
20.8701 115.362
21.5195 115.347
23.483 115.305
23.9673 115.297
24.4574 115.294
24.9368 115.285
25.4338 115.28
26.8613 115.303
27.5059 115.279
28.3333 115.252
29.3812 115.222
30.7194 115.239
32.3004 115.179
34.4911 115.344
36.5778 115.479
38.692 115.556
40.8082 115.627
41.7862 115.595
42.3295 115.587
43.4692 115.548
44.685 115.488
45.7981 115.45
47.4882 115.398
47.4883 115.398
47.4883 115.398
47.4883 115.398
47.4884 115.398
48.5514 115.363
49.9647 115.347
50.4492 115.31
51.0666 115.29
52.651 115.25
53.9845 115.187
53.9846 115.187
53.9846 115.187
53.9846 115.187
53.9847 115.187
54.4074 115.177
59.405 115.059
60.229 115.029
61.4851 114.984
62.4101 114.963
64.3968 114.866
64.9943 114.843
65.5341 114.797
66.0939 114.768
66.6431 114.741
67.4095 114.724
68.0198 114.698
69.2242 114.674
69.9314 114.647
70.895 114.602
72.6675 114.536
72.9024 114.522
73.1346 114.505
73.3656 114.491
73.5781 114.472
74.5002 114.449
75.0414 114.429
76.4175 114.358
77.3353 114.254
78.1641 114.209
80.1956 114.011
80.1957 114.011
80.1957 114.011
80.1957 114.011
80.1957 114.011
82.4626 114.007
82.6931 113.979
83.8866 113.85
84.8186 113.744
85.6396 113.649
87.2241 113.471
88.0504 113.326
88.668 113.028
89.4526 112.743
90.255 112.43
90.6626 112.39
91.4016 112.311
92.4711 112.201
93.4669 112.104
94.3422 112.015
96.1078 111.837
96.1078 111.837
96.1079 111.837
96.1079 111.837
96.108 111.837
96.7991 111.786
101.766 111.234
102.534 111.152
103.513 111.067
104.719 110.95
106.583 110.713
106.978 110.669
107.351 110.625
107.743 110.579
108.131 110.532
108.998 110.409
109.813 110.314
110.997 110.17
112.373 110.042
113.289 109.903
115 109.7
115.761 109.609
116.515 109.52
117.274 109.43
118.043 109.343
119.571 109.18
120.384 109.085
121.239 108.955
122.34 108.843
123.58 108.619
125.2 108.491
126.074 108.397
126.908 108.311
127.684 108.239
128.462 108.148
129.61 107.928
130.253 107.863
131.27 107.723
132.057 107.669
132.909 107.575
134.736 107.433
134.736 107.433
134.736 107.433
134.736 107.433
134.736 107.433
135.653 107.38
136.862 107.16
137.368 107.123
138.5 107.045
139.435 106.966
141.265 106.812
141.859 106.74
142.452 106.668
143.049 106.596
143.649 106.522
144.325 106.413
145.551 106.273
146.564 106.175
147.585 106.015
148.471 105.862
150.602 105.659
151.52 105.536
152.385 105.428
153.253 105.318
154.111 105.205
155.391 104.98
156.323 104.847
157.41 104.666
158.033 104.564
159.896 104.255
162.055 103.912
162.606 103.812
163.156 103.713
163.697 103.603
164.235 103.491
165.507 103.165
166.313 102.998
167.652 102.707
168.363 102.505
169.712 102.022
171.426 101.517
171.445 101.511
171.463 101.505
171.482 101.499
171.5 101.493
172.728 101.044
173.375 100.844
174.573 100.449
175.211 100.254
176.458 99.806
177.907 99.3334
177.93 99.3267
177.952 99.32
177.976 99.3137
177.998 99.3074
178.536 99.1429
183.355 97.8321
184.253 97.6156
185.249 97.3879
185.999 97.1946
187.648 96.7614
188.23 96.6245
188.799 96.4941
189.357 96.3564
189.914 96.2249
190.773 96.0678
191.745 95.8506
192.733 95.6896
193.628 95.5226
194.65 95.3369
196.607 95.0622
196.652 95.0569
196.697 95.0526
196.741 95.0494
196.785 95.0477
197.948 95.1077
198.899 95.1411
199.778 95.1785
200.418 95.2009
202.139 95.3014
203.989 95.3185
204.519 95.3232
205.043 95.3078
205.538 95.2794
206.014 95.2401
206.278 95.2168
211.251 94.7391
212.058 94.6296
212.975 94.5052
213.679 94.3742
215.213 94.0824
215.213 94.0824
215.213 94.0825
215.213 94.0825
215.213 94.0826
216.127 93.8578
216.595 93.7369
217.476 93.4828
218.478 93.2317
219.391 93.0172
221.261 92.547
221.261 92.547
221.261 92.547
221.261 92.547
221.261 92.547
221.817 92.4057
222.846 92.146
223.821 91.89
224.719 91.6185
225.676 91.2957
227.527 90.8435
227.527 90.8435
227.527 90.8435
227.527 90.8435
227.527 90.8435
227.908 90.7357
229.319 90.3769
230.635 89.9159
231.743 89.5291
232.444 89.339
234.606 88.613
234.656 88.5949
234.707 88.5774
234.758 88.5597
234.808 88.5426
235.822 88.2408
236.866 88.0062
237.735 87.7309
238.548 87.5109
239.535 87.253
241.307 86.6712
241.307 86.6712
241.307 86.6712
241.307 86.6712
241.307 86.6712
242.211 86.4699
242.724 86.4209
244.014 86.1668
245.061 85.9543
246.044 85.7761
248.049 85.5971
248.051 85.5972
248.052 85.5971
248.054 85.5971
248.056 85.5972
249.114 85.7642
250.329 85.9737
251.453 86.1449
252.317 86.3029
252.856 86.4589
254.997 87.0791
254.997 87.0791
254.997 87.0791
254.997 87.0791
254.997 87.0791
256.009 87.7542
256.386 88.0096
257.689 89.0222
258.062 89.3526
258.136 89.4197
259.37 90.786
259.487 90.9332
259.606 91.0877
259.728 91.2478
259.837 91.4135
260.369 92.28
260.77 93.2345
261.148 94.0868
261.569 94.9999
262.019 95.9673
262.669 97.7185
262.862 98.344
263.033 98.9749
263.197 99.6147
263.341 100.26
263.707 101.371
263.927 102.367
264.077 103.171
264.336 104.144
264.474 104.827
264.956 107.344
264.956 107.344
264.956 107.344
264.956 107.344
264.956 107.344
265.093 107.987
265.355 109.137
265.533 110.102
265.734 111.239
265.951 112.133
266.342 113.816
266.419 114.187
266.495 114.551
266.568 114.9
266.65 115.273
266.81 116.203
267.053 117.753
267.102 118.049
267.252 118.791
267.422 119.675
267.824 121.533
267.824 121.533
267.824 121.533
267.824 121.533
267.824 121.533
267.95 122.107
268.109 122.966
268.215 123.848
268.387 124.769
268.595 125.771
269.224 129.469
269.225 129.47
269.225 129.47
269.225 129.471
269.225 129.471
269.442 130.562
269.644 131.563
269.75 132.257
269.942 133.388
270.054 134.337
270.417 136.564
270.417 136.564
270.417 136.564
270.417 136.564
270.417 136.564
270.516 137.304
270.631 137.985
270.857 139.254
270.929 140.081
271.102 141.085
271.187 142.184
271.223 142.679
271.164 143.166
271.212 143.599
271.228 144.04
271.301 145.051
271.515 146.106
271.572 146.73
271.509 148.169
271.5 148.69
271.412 150.442
271.385 151.056
271.336 151.666
271.261 152.272
271.186 152.859
271.133 153.142
270.99 153.982
270.098 156.115
269.598 157.23
268.906 158.212
266.087 161.784
266.027 161.905
264.343 163.927
263.57 164.616
263.57 164.616
263.173 165.118
262.457 165.937
261.872 166.475
261.138 166.967
260.448 167.424
258.659 168.468
258.178 168.597
257.558 168.649
257.085 168.907
256.611 169.133
255.757 169.234
254.915 169.324
254.014 169.422
253.381 169.456
252.823 169.456
251.023 169.513
250.05 169.675
249.636 169.65
249.149 169.681
248.759 169.626
247.95 169.528
246.21 169.355
245.768 169.235
244.045 168.868
242.116 168.543
240.199 168.19
239.416 168.026
238.609 167.837
237.784 167.63
236.935 167.406
235.844 167.121
234.668 166.77
233.545 166.464
232.837 166.295
231.365 165.86
229.518 165.358
228.873 165.165
228.217 164.971
227.556 164.775
226.897 164.57
225.869 164.325
225.142 164.203
224.167 164.044
223.409 163.898
222.234 163.706
220.29 163.483
219.675 163.429
219.057 163.373
218.459 163.323
217.854 163.271
216.969 163.14
215.911 162.992
214.98 162.909
213.848 162.786
212.944 162.7
211.244 162.506
211.242 162.506
211.239 162.506
211.237 162.506
211.235 162.506
210.422 162.432
209.173 162.353
208.156 162.261
207.206 162.165
205.562 162.069
200.988 161.697
199.565 161.561
198.48 161.436
197.762 161.392
197.762 161.392
196.515 161.277
195.83 161.217
194.535 161.094
193.53 161.046
192.843 160.983
189.94 160.794
189.94 160.794
189.94 160.794
189.94 160.794
189.94 160.794
188.427 160.614
187.736 160.58
186.98 160.531
185.884 160.442
185.275 160.396
182.953 160.227
182.05 160.165
181.153 160.09
180.233 160.003
179.284 159.956
178.469 159.91
177.686 159.876
176.626 159.812
175.526 159.753
173.771 159.692
172.25 159.593
172.24 159.593
172.229 159.592
172.219 159.591
172.208 159.591
171.303 159.57
170.443 159.548
169.63 159.476
168.752 159.404
167.445 159.351
165.775 159.171
165.124 159.088
164.481 159.006
163.837 158.929
163.178 158.857
162.161 158.748
161.507 158.667
160.309 158.53
159.267 158.39
158.184 158.205
156.669 158.067
156.669 158.067
156.669 158.067
156.669 158.067
156.669 158.067
155.635 157.94
154.558 157.805
153.62 157.702
152.356 157.535
151.588 157.481
149.742 157.241
149.742 157.241
149.743 157.241
149.744 157.241
149.744 157.241
148.762 157.131
147.776 156.994
146.972 156.899
146.239 156.836
144.829 156.624
142.724 156.337
141.463 156.393
141.509 156.401
141.101 156.355
140.64 156.328
139.056 156.147
138.057 156.027
137.113 155.917
135.764 155.766
134.88 155.684
133.296 155.55
132.48 155.467
131.66 155.388
130.851 155.308
130.044 155.229
129.058 155.137
128.023 154.977
127.063 154.825
126.136 154.794
125.065 154.714
123.306 154.577
122.566 154.576
121.833 154.597
121.097 154.618
120.37 154.627
119.425 154.523
118.407 154.419
117.375 154.328
116.455 154.213
115.431 154.113
113.641 153.939
113.025 153.898
112.418 153.854
111.819 153.81
111.198 153.797
110.086 153.642
109.048 153.537
108.017 153.4
107.08 153.278
106.282 153.177
104.32 152.933
104.32 152.933
104.32 152.933
104.32 152.933
104.32 152.933
103.317 152.815
102.092 152.666
101.294 152.566
100.265 152.408
99.0889 152.203
97.2478 151.963
97.241 151.962
97.2343 151.961
97.2276 151.96
97.2204 151.958
96.206 151.821
95.392 151.69
94.5548 151.551
93.3998 151.343
92.629 151.232
90.6826 150.875
90.2585 150.815
89.8371 150.759
89.4362 150.691
89.0327 150.627
88.527 150.556
87.5076 150.377
86.5276 150.248
85.6432 150.105
84.4697 149.92
82.2826 149.523
82.2826 149.523
82.2826 149.523
82.2826 149.523
82.2825 149.523
81.1918 149.34
80.5957 149.193
79.3444 148.955
78.3041 148.806
77.5032 148.669
75.558 148.329
75.5579 148.328
75.5578 148.328
75.5577 148.328
75.5576 148.328
74.2533 148.108
73.5571 147.988
72.8549 147.834
72.0999 147.708
71.0167 147.527
69.317 147.195
69.317 147.195
69.317 147.195
69.317 147.195
69.317 147.195
68.4459 147.035
67.4223 146.886
66.0557 146.712
65.0267 146.648
64.06 146.521
62.2551 146.229
61.8828 146.178
61.5111 146.135
61.1531 146.088
60.7954 146.045
59.8683 145.94
59.05 145.838
58.0593 145.692
57.1681 145.55
56.1972 145.424
54.4817 145.227
54.4601 145.224
54.439 145.223
54.4182 145.221
54.3979 145.219
53.4726 145.211
52.4644 145.204
51.5202 145.264
50.639 145.286
49.7057 145.25
48.1061 145.304
47.2384 145.357
46.3852 145.441
45.5737 145.533
44.7947 145.636
43.4923 145.991
43.0291 146.098
42.1894 146.222
41.1949 146.494
40.5788 146.644
37.0333 148.391
37.0324 148.392
37.0315 148.392
37.0306 148.393
37.0298 148.394
36.3771 148.739
35.0397 149.493
34.6279 149.698
30.6114 152.626
29.465 153.638
26.9795 156.022
26.9795 156.022
26.9795 156.022
26.9795 156.022
26.9795 156.022
26.4279 156.834
26.1483 157.333
25.8235 157.968
25.4372 158.715
25.0189 159.542
24.2843 161.416
23.9178 162.655
23.9178 162.655
23.7113 163.351
23.5346 164.007
23.4657 164.403
23.2753 165.482
23.2763 165.93
23.0814 167.812
22.8559 168.794
22.7371 170.444
22.7288 170.534
22.7275 170.617
22.7227 170.706
22.7171 170.796
22.7498 172.62
22.6828 173.063
23.0327 175.063
22.9284 175.621
22.9306 176.53
22.7269 178.178
22.7082 178.387
22.6758 178.601
22.6503 178.813
22.6248 179.019
22.4984 180.085
22.4018 180.993
22.2822 181.99
22.1421 183.025
22.0328 184.019
21.8682 185.74
21.7837 186.539
21.7028 187.309
21.6232 188.074
21.5435 188.845
21.453 190.208
21.3917 190.702
21.3006 191.438
21.1965 192.614
21.1675 193.24
20.9818 195.062
20.8329 195.791
20.7514 196.453
20.6729 197.095
20.6005 197.675
20.707 200.075
20.6994 200.949
20.6585 201.366
20.5 202.796
20.4143 203.516
20.2731 205.42
20.2731 205.42
20.2731 205.42
20.2731 205.421
20.2731 205.421
20.1753 206.318
20.0619 207.433
20.2362 208.508
18.552 209.879
18.5003 210.336
13.4185 210.865
13.3788 211.619
13.3787 211.623
13.3649 212.067
13.3466 212.519
13.3818 213.605
13.3948 214.184
13.3822 215.418
13.362 217.408
13.3327 217.911
13.8476 219.64
13.8477 219.64
13.8478 219.64
13.8479 219.64
13.848 219.64
14.2643 220.541
14.7597 221.43
15.1866 222.227
15.702 223.112
16.1394 223.829
17.5944 225.632
17.6252 225.665
17.6578 225.696
17.6928 225.727
17.7268 225.76
18.3449 226.284
18.9181 226.771
20.065 227.41
20.8633 227.822
21.5312 228.134
23.4168 228.998
24.2245 229.419
24.8551 229.729
25.6306 229.97
25.9838 230.156
27.3483 230.088
29.3899 230.309
30.8606 230.492
31.7591 230.567
32.7499 230.641
34.7366 230.7
35.3218 230.681
35.9028 230.66
36.5288 230.641
37.1648 230.591
38.0206 230.535
39.0718 230.438
40.4437 230.298
41.0441 230.231
42.4318 230.042
44.0767 229.843
44.6751 229.77
45.2893 229.7
45.9169 229.64
46.542 229.574
48.4055 229.288
49.3231 229.188
50.4604 229.091
50.8412 229.047
51.8687 228.926
54.1429 228.679
54.1429 228.679
54.143 228.679
54.143 228.679
54.143 228.679
55.117 228.575
56.2967 228.483
57.2609 228.412
58.2699 228.322
59.2268 228.246
61.0609 228.093
61.0614 228.093
61.0618 228.093
61.0623 228.093
61.0627 228.093
61.68 228.016
62.832 227.91
64.2439 227.792
65.1021 227.716
65.9308 227.643
68.0219 227.455
68.0798 227.449
68.1374 227.444
68.1899 227.438
68.2406 227.432
69.3272 227.313
70.2405 227.212
71.6493 227.017
72.577 226.936
73.4346 226.843
75.4915 226.625
76.0642 226.56
76.6261 226.484
77.1846 226.416
77.7495 226.353
78.3234 226.279
79.4091 226.132
80.4126 226.011
81.8213 225.831
82.9361 225.709
85.085 225.43
85.0853 225.43
85.0856 225.43
85.0859 225.43
85.0862 225.43
86.1248 225.277
87.4039 225.107
88.3245 224.983
89.5087 224.838
90.2869 224.747
94.404 224.296
94.4045 224.296
94.4051 224.296
94.4056 224.295
94.4062 224.295
95.3577 224.181
96.0562 224.093
97.3229 223.945
98.3674 223.861
99.1369 223.767
100.087 223.643
102.032 223.48
102.618 223.388
103.753 223.25
