0.565447 1
0.562402 1.29502
0.562011 0.940209
0.5624 0.806171
0.565 1.07595
0.574523 0.892535
0.579643 1.00783
0.587422 0.998198
0.594862 1.02743
0.601521 0.821674
0.613211 1.63701
0.626247 0.661121
0.648548 0.857499
0.665045 1.17269
0.676849 0.829639
0.684183 0.792434
0.692314 1.07812
0.710876 1.09683
0.734367 0.863081
0.760424 1.23753
0.776641 0.998973
0.788975 0.625752
0.803767 1.04504
0.821388 1.13025
0.833039 0.794556
0.846407 0.973043
0.860066 1.11221
0.881807 0.757881
0.901215 1.39895
0.920437 0.884131
0.934757 0.869052
0.953432 0.994934
0.97197 1.25032
0.976368 0.746712
0.983171 1.14752
0.988005 0.800845
1.00171 0.820755
1.00788 1.06149
1.01489 0.77769
1.02158 1.20868
1.02911 1.10837
1.0366 0.731804
1.04762 1.07
1.0556 1.06546
1.0635 0.365194
1.06335 1.00024
1.07201 0.869384
1.07565 1.01403
1.07712 1.01534
1.07811 0.955344
1.07618 0.943075
1.07484 1.08179
1.06568 0.860319
1.06275 1.04666
1.07339 0.966648
1.07917 0.758556
1.07718 0.956049
1.07657 0.859297
1.07925 1.72554
1.07087 0.54137
1.07376 1.00226
1.07455 0.757197
1.06693 0.784256
1.0722 1.18976
1.07169 0.957616
1.08689 3.83011
1.08587 1.06019
1.08326 0.861787
1.0793 1.12168
1.07806 1.271
1.07944 0.841948
1.08182 1.27715
1.08508 0.859326
1.09249 1.04051
1.08896 1.16816
1.0857 0.786819
1.08787 1.24253
1.08409 0.643174
1.08421 1.00234
1.08009 0.645533
1.07474 1.41127
1.06962 1.28885
1.06922 0.803292
1.0658 1.18324
1.07145 0.885091
1.06651 1.00191
1.0615 0.853413
1.05542 1.62751
1.04781 0.818144
1.03962 0.899203
1.02563 1.0327
1.01154 0.923563
0.994416 0.790891
0.972842 0.954983
0.953811 0.873016
0.931404 1.17013
0.906557 0.874842
0.885831 0.84112
0.862623 1.04918
0.840084 0.961586
0.815312 0.968235
0.787128 0.79217
0.761232 0.737295
0.728648 1.03246
0.699411 0.91333
0.666545 0.914832
0.638728 1.21942
0.607369 0.723396
0.585379 1.20796
0.564508 0.770719
0.539791 4.62253
0.517941 1.1481
0.494971 0.988697
0.474419 0.903701
0.451073 0.76097
0.432219 1.34647
0.421579 0.601319
0.412924 1.46992
0.402521 0.691409
0.401532 0.998942
0.388503 0.852245
0.388769 1.07312
0.37607 1.06005
0.380488 1.08586
0.365505 0.785206
0.368796 1.98286
0.365003 0.581128
0.35403 0.582767
0.360766 1.30041
0.345644 1.75604
0.351582 0.686503
0.339898 2.0736
0.351821 0.869464
0.345618 1.96605
0.359996 0.678718
0.362372 0.718141
0.357764 1.17062
0.37508 1.5709
0.369365 0.611341
0.380813 1.06734
0.380343 0.494596
0.388991 0.933778
0.392223 2.1209
0.392995 0.867566
0.409603 0.972151
0.419557 0.630599
0.435721 1.37748
0.445187 1.02599
0.465939 1.02705
0.484775 0.738264
0.500221 0.721003
0.520626 1.43871
0.535857 0.654945
0.554252 1.54097
0.573126 0.649655
0.592429 1.15131
0.618495 0.813473
0.643495 0.616981
0.65739 1.45644
0.676671 0.960651
0.688983 1.4286
0.710309 0.645157
0.723267 0.828098
0.739018 1.04864
0.756431 1.33914
0.765927 0.65909
0.777549 0.923291
0.780624 2.67738
0.786938 0.585241
0.798461 1.14187
0.806728 0.979078
0.816865 0.543438
0.818133 1.14146
0.822332 1.21757
0.831375 1.11427
0.838906 0.856174
0.841932 0.835644
0.844363 0.920387
0.845488 0.958472
0.838595 0.58327
0.831646 1.06577
0.821709 1.41337
0.823437 0.486024
0.832373 0.618202
0.831999 1.58532
0.822201 0.778079
0.813454 0.557604
0.812768 1.45021
0.80657 1.92754
0.804761 0.439936
0.800536 0.423157
0.796778 5
0.795118 0.824702
0.791122 1.25694
0.783787 0.925596
0.781779 0.817971
0.772199 1.17143
0.773932 0.803272
0.768851 0.94225
0.761304 1.27954
0.750529 0.766634
0.734259 0.611113
0.715625 1.20488
0.705947 0.70783
0.701544 0.964822
0.698238 0.706555
0.695649 1.06736
0.695621 0.759736
0.689436 0.813284
0.686295 1.23478
0.684931 0.922577
0.676279 0.541703
0.673956 1.37849
0.670373 0.923786
0.666725 0.830168
0.661556 1.02817
0.663547 1.01516
0.671661 0.948923
0.674411 0.830941
0.679717 1.45661
0.683197 2.26689
0.691437 0.232242
0.700699 1.2006
0.713769 0.937984
0.727632 0.826821
0.729465 0.933601
0.732821 0.661035
0.738081 1.86504
0.746339 1.46432
0.749499 1.55571
0.753065 0.40977
0.756652 0.743507
0.752348 1.07591
0.760161 1.00088
0.748084 0.879934
0.749058 0.96909
0.746122 0.805897
0.75363 1.38659
0.755834 0.861844
0.761022 0.949038
0.75999 0.693556
0.765275 5
0.770521 0.772916
0.777522 0.982487
0.781224 1.21126
0.786753 0.974261
0.791435 0.905828
0.797644 0.942845
0.801542 1.32617
0.804361 1.11277
0.810002 0.876323
0.815099 0.820634
0.825725 1.19256
0.831937 1.38213
0.83867 0.926463
0.841501 0.802651
0.845902 0.921688
0.855984 0.931977
0.85616 1.09505
0.856358 0.598019
0.853837 1.5376
0.854434 0.81857
0.857672 0.864952
0.867532 1.1074
0.8718 1.25957
0.872169 0.630362
0.866134 0.99502
0.870142 0.951842
0.869802 0.947093
0.868637 0.942046
0.860751 1.1703
0.861373 0.64618
0.858673 1.02692
0.858584 0.789269
0.85525 0.858157
0.846481 1.04769
0.84 0.785633
0.83605 1.10005
0.834006 0.930229
0.831964 0.941985
0.82367 0.919084
0.818835 1.22936
0.813928 0.508186
0.810696 1.1354
0.805096 0.938494
0.797233 0.759095
0.792218 1.07847
0.786708 0.667861
0.785555 1.12402
0.781216 0.919643
0.778816 0.689616
0.771056 1.23608
0.765852 1.02039
0.767007 1.03425
0.770966 0.900323
0.775673 1.1147
0.765942 1.02785
0.757564 0.84376
0.754984 0.90895
0.752024 3.37505
0.74966 1.30221
0.745396 0.943064
0.744076 1.10286
0.745993 0.635055
0.747977 1.88966
0.739971 0.922219
0.738227 1.26731
0.73101 0.894304
0.729243 0.939783
0.726539 0.868792
0.726858 1.31633
0.725008 0.824204
0.72419 1.37128
0.721471 0.740595
0.722433 1.4377
0.719674 0.826474
0.714828 0.963087
0.715818 0.94579
0.713675 0.830738
0.709447 0.882687
0.704484 1.31074
0.693307 0.678337
0.690333 1.26183
0.688055 0.668021
0.688517 1.32572
0.683583 0.817675
0.671409 0.710963
0.664812 1.4255
0.660245 0.470616
0.658358 1.68056
0.654346 0.562817
0.647477 5
0.641188 0.924485
0.637627 1.02196
0.634878 0.775641
0.631396 1.01618
0.620147 0.691101
0.611029 0.824246
0.605466 0.982384
0.602634 0.901832
0.594729 0.873517
0.595429 0.997461
0.590127 1.00174
0.588293 0.911701
0.583452 1.04018
0.578669 0.789999
0.577722 1.18862
0.572544 0.982812
0.571378 0.925525
0.566994 1.00905
0.561229 1.16694
0.561839 0.952197
0.558682 0.881744
0.560551 0.642216
0.557524 1.72572
0.557954 1.04328
0.550286 0.810238
0.546989 1.08703
0.544073 0.687104
0.538906 0.84485
0.53425 0.264807
0.528814 5
0.526729 0.815764
0.521193 0.925936
0.522517 0.716755
0.516321 0.853485
0.505231 0.709152
0.505636 1.23612
0.499452 0.698153
0.495216 1.27727
0.492822 0.941569
0.488305 0.484174
0.488714 0.917161
0.486431 1.03431
0.483916 0.937444
0.479025 0.888197
0.476586 1.04153
0.479202 1.12126
0.487556 0.631724
0.498327 1.30654
0.50724 0.574053
0.514922 1.06222
0.523949 1.00771
0.532357 0.938926
0.539034 1.01071
0.547921 0.886715
0.555711 1.02088
0.559684 1.23637
0.56563 0.786464
0.57117 1.5484
0.576646 0.3967
0.575356 1.45601
0.577266 1.39428
0.575124 1.17415
0.572258 0.726825
0.569167 1.24922
0.569249 1.03192
0.565072 0.413169
0.563882 1.07935
0.559655 1.09165
0.548331 1.0587
0.539964 1.07203
0.530227 0.912451
0.516228 0.842721
0.503518 1.0201
0.491626 0.965832
0.477476 0.900871
0.457879 1.09296
0.438712 0.743286
0.424053 1.15445
0.413723 0.927047
0.407641 0.515175
0.403206 1.31535
0.395141 1.06916
0.398526 0.99898
0.394491 0.646514
0.390678 1.36962
0.390177 1.08987
0.376787 0.720798
0.38404 0.701407
0.38251 1.0713
0.368445 1.23365
0.377288 1.13665
0.362947 0.878899
0.376314 0.561023
0.382625 1.13158
0.373606 1.0977
0.400597 0.80624
0.387998 0.380241
0.417057 1.54705
0.401423 1.21717
0.435442 0.456766
0.449663 1.65011
0.435288 0.498547
0.480507 0.1
0.471377 1.04351
0.511047 0.800987
0.523697 1.25196
0.518584 0.771867
0.557814 0.928301
0.559032 1.01753
0.594202 1.03621
0.606456 0.93288
0.622303 1.00613
0.649495 1.06727
0.658562 0.847051
0.682877 1.02118
0.693665 1.08248
0.712167 0.971485
0.728442 0.545347
0.747544 1.17031
0.762302 1.02172
0.773831 0.818376
0.792325 1.00692
0.80712 0.696477
0.817192 1.06953
0.825335 1.49593
0.841138 0.53006
0.854146 0.859183
0.86827 1.03829
0.87844 0.657413
0.893886 1.18005
0.901394 0.981497
0.911234 1.15595
0.912793 0.920129
0.912445 0.780388
0.911237 0.947965
0.913226 0.763899
0.917838 1.12946
0.917439 0.965304
0.915189 0.943898
0.915916 1.57974
0.918294 0.299694
0.972586 0.758224
0.867188 0.899554
0.919425 0.899852
0.920127 1.00227
0.922771 1.2518
0.920175 1.04946
0.917534 0.984264
0.916859 0.58846
0.917274 0.873621
0.916334 0.889657
0.911911 0.936993
0.907069 1.02326
0.901921 0.850746
0.891301 2.90154
0.886472 1.29067
0.877339 1.03319
0.867182 0.992364
0.854562 1.1123
0.833894 1.02098
0.830277 0.702757
0.787904 1.14719
0.786722 0.956635
0.767712 0.965582
0.750896 1.29274
0.73026 1.09803
0.706255 1.01285
0.680667 0.817352
0.653723 0.747291
0.62722 0.690072
0.60168 1.28967
0.578381 0.83051
0.552109 1.01842
0.532463 0.67501
0.512882 0.427524
0.497757 1.0476
0.484612 0.896201
0.481533 1.23677
0.46526 1.0136
0.469089 1.07721
0.464976 0.626891
0.456453 1.44432
0.450297 0.521566
0.435252 1.13062
0.440661 0.627546
0.436961 0.974767
0.422949 0.883177
0.430431 1.2514
0.413537 0.288604
0.421001 0.852035
0.41682 2.31435
0.401941 1.22104
0.414192 1.20258
0.399842 0.17559
0.405819 4.38004
0.402547 0.135581
0.393433 2.63192
0.393042 1.0359
0.387377 0.639841
0.384638 1.088
0.381059 0.795589
0.38417 0.884557
0.376645 0.82811
0.386536 1.00699
0.370831 1.07193
0.369538 0.916127
0.382479 0.814926
0.360425 0.93718
0.380789 0.861124
0.36167 0.846291
0.385945 0.907799
0.370254 0.634405
0.374508 0.55752
0.392096 1.23126
0.382493 0.571051
0.398972 1.10606
0.404496 1.33934
0.41936 0.583293
0.427915 0.814827
0.443595 1.75003
0.453595 0.459598
0.467451 1.78134
0.484028 1.95889
0.504268 1.05995
0.529544 0.888943
0.549633 1.09158
0.568096 1.3625
0.584719 0.870986
0.602525 1.12697
0.621944 1.22805
0.641114 1.16373
0.656542 0.727981
0.679182 1.53523
0.694832 1.15752
0.713004 0.75686
0.73133 1.41609
0.749226 0.566235
0.767313 0.821051
0.785615 1.05724
0.801246 0.736826
0.816902 0.988195
0.834784 0.771864
0.852666 1.19114
0.864004 0.871567
0.873178 1.08554
0.875957 0.773993
0.881223 1.04896
0.881104 0.655157
0.882106 0.894743
0.88255 1.06913
0.884744 0.935665
0.890585 1.13817
0.890944 0.908625
0.895254 0.971219
0.896144 0.741129
0.898086 1.26392
0.900122 0.947896
0.898346 1.02047
0.898829 0.816935
0.899855 1.25168
0.895801 1.02177
0.893606 0.954475
0.897462 1.64879
0.902737 3.72745
0.89808 0.862578
0.897103 1.42988
0.898041 1.09257
0.898483 0.719132
0.898348 1.25336
0.895263 0.687711
0.91735 1.30101
0.868705 1.00658
0.889097 0.690271
0.886032 1.20938
0.882761 1.70287
0.884667 0.873267
0.880802 0.877088
0.879778 0.824966
0.8793 1.5255
0.873924 0.691951
0.879631 0.75813
0.873 1.09985
0.876055 0.610826
0.879844 1.0062
0.88349 1.32219
0.88775 0.956826
0.89339 1.04642
0.896998 1.01178
0.892096 0.817922
0.903912 0.783236
0.907454 1.0618
0.908618 1.10211
0.910818 1.75753
0.912249 0.739803
0.924378 0.785855
0.925175 3.78043
0.930004 0.834355
0.933012 1.3212
0.937023 0.906651
0.950677 0.860647
0.939108 0.816151
0.950494 0.881051
0.955958 1.3094
0.957395 0.936619
0.964314 0.742746
0.963906 1.24053
0.970221 0.897359
0.974946 0.979048
0.979015 1.02235
0.983181 0.65863
1.00497 1.20643
0.969358 1.05094
0.981273 1.09992
0.981441 0.470032
0.978583 1.0516
0.977045 0.881661
0.975248 1.09544
0.973197 0.658663
0.975259 1.0418
0.975317 1.08508
0.976437 0.943709
0.975317 1.27506
0.974374 0.769816
0.976526 0.75756
0.973898 1.1047
0.973993 1.03501
0.976279 0.719752
0.974204 1.10374
0.976128 0.988937
0.973369 0.994898
0.973886 0.809425
0.97805 0.735774
0.973462 1.426
0.976063 0.989149
0.971108 1.1362
0.972692 0.644317
0.972043 1.27797
0.972317 3.13131
0.967913 1.59422
0.96698 1.00645
0.967854 0.950299
0.967829 1.35799
0.976136 0.887638
0.970426 0.840507
0.971297 0.749669
0.969746 1.51769
0.968707 1.04198
0.973863 1.06512
0.972132 0.989845
0.986483 1.04727
0.949974 0.972632
0.969216 0.927189
0.975952 1.07391
0.976466 0.96745
0.98289 0.799224
0.973324 0.923192
0.974883 1.14908
0.980383 0.956143
0.98412 0.950984
0.985004 1.02429
0.981552 1.03571
0.97965 0.927963
0.978606 1.02942
0.981002 1.03344
0.99019 0.765252
0.991471 1.07543
0.992804 0.812074
0.989062 0.939497
0.989692 1.12283
0.993691 1.04362
0.993464 1.04011
0.994946 0.945187
0.993544 0.804238
0.995064 0.929551
0.997947 1.04824
0.999669 0.903928
1.00141 1.19473
1.00567 0.508236
1.00534 1.01044
1.00506 1.23422
1.00333 0.805634
1.00589 1.04053
1.00467 1.19419
1.00566 0.817856
1.0039 1.03899
1.0033 0.753981
1.00133 3.59127
0.99632 1.12104
0.996597 1.02375
0.99129 0.82451
0.992739 0.848752
0.9868 1.17365
0.978485 0.778924
0.978575 1.17447
0.97672 0.80525
0.980926 0.911585
0.973629 0.798147
0.967741 1.2003
0.964063 0.51088
0.960141 1.03491
0.960432 0.988959
0.959192 0.895895
0.955996 1.18854
0.950621 0.856376
0.93718 1.36805
0.937636 0.478066
0.926495 0.928716
0.919426 0.814315
0.90618 1.10641
0.90216 0.613968
0.90401 1.27384
0.878611 1.05128
0.879529 0.812459
0.872245 1.02606
0.862329 0.948881
0.849954 1.12428
0.839761 0.862239
0.823036 0.76856
0.808042 1.32345
0.790342 0.707412
0.777669 0.718879
0.76458 0.765461
0.755597 1.0983
0.747723 1.05633
0.7394 0.675914
0.734732 1.00636
0.72606 2.26365
0.721272 0.67744
0.715853 0.886435
0.70909 1.03444
0.708861 1.3786
0.677983 1.03305
0.679447 0.975546
0.671398 0.964993
0.661315 0.864161
0.650148 0.804699
0.636214 0.929888
0.622499 1.00561
0.606692 0.933026
0.591271 0.824708
0.571997 1.00164
0.556014 0.902408
0.539866 0.979295
0.526505 0.798312
0.509394 0.929261
0.49599 0.946851
0.484355 1.10926
0.471848 0.808341
0.459045 0.925345
0.447733 1.00842
0.435103 0.947337
0.421065 0.882402
0.409431 0.933933
0.400452 0.692033
0.388897 0.909019
0.377582 1.28156
0.362402 0.621596
0.350557 0.913506
0.342011 1.3524
0.342007 0.47568
0.339388 0.84904
0.355698 1.03134
0.330323 0.634439
0.341579 2.78085
0.333587 1.19045
0.333032 0.32858
0.330844 0.791874
0.317045 0.545678
0.328211 0.739557
0.318552 1.54467
0.341391 0.460951
0.340325 5
0.367946 1.53161
0.378513 0.494666
0.371423 2.95972
0.393574 1.31371
0.389244 1.11058
0.415432 0.983214
0.411143 0.985333
0.437715 0.573554
0.444925 0.715317
0.472385 0.845782
0.49562 0.928409
0.510992 0.951785
0.523085 1.0701
0.526535 0.847633
0.562178 1.60504
0.574371 1.84513
0.583064 0.404275
0.610602 1.09903
0.617614 0.449333
0.641195 1.91083
0.653704 1.00834
0.668342 0.81423
0.6875 0.846017
0.702743 1.63897
0.717772 1.12265
0.72839 0.745103
0.744021 1.83309
0.761147 0.449748
0.775139 2.05015
0.786472 0.569536
0.79092 0.911264
0.798708 0.804633
0.803681 0.861886
0.810708 0.84538
0.812359 0.725376
0.811155 1.3588
0.810816 1.07592
0.811427 0.915983
0.818142 1.00505
0.823878 1.05217
0.828708 1.00369
0.826567 0.619278
0.825919 1.11519
0.825354 1.02609
0.822882 0.991621
0.823653 0.820914
0.819826 1.36908
0.815568 0.500586
0.813457 0.745742
0.812076 1.18485
0.807231 0.62647
0.801787 1.32108
0.794022 0.516213
0.791028 0.632054
0.782768 1.00293
0.773502 1.00939
0.758488 2.4125
0.742778 0.87642
0.723074 0.421743
0.705981 1.44537
0.688942 0.726563
0.669511 0.882851
0.654288 1.03074
0.635295 0.920351
0.609509 1.31424
0.589738 0.675563
0.567227 0.90796
0.549031 1.12524
0.527758 1.08881
0.507096 2.17236
0.485188 0.464316
0.464359 0.554452
0.450834 5
0.443282 0.145855
0.439201 2.97134
0.439932 0.456961
0.432873 1.09374
0.434739 0.580383
0.42141 1.23489
0.420015 2.00201
0.420679 0.505156
0.405242 1.10854
0.415833 0.716874
0.398135 3.27653
0.408843 0.795956
0.387084 0.901995
0.404248 0.994705
0.385871 1.01924
0.38746 0.905694
0.367095 1.02486
0.382267 0.84041
0.3872 1.33706
0.375098 0.981532
0.397681 0.877203
0.377927 1.16283
0.401285 1.21289
0.388666 0.810955
0.41141 0.752128
0.415135 1.31326
0.400712 0.899012
0.425705 0.737007
0.421335 1.06786
0.449377 1.00691
0.468197 0.778623
0.462781 1.41246
0.486524 1.99863
0.491226 1.37177
0.508207 2.05998
0.522478 1.48563
0.542159 0.907925
0.563889 0.997126
0.572572 1.1483
0.58844 0.847422
0.599915 0.69489
0.614464 1.24204
0.636534 0.998634
0.650434 0.860276
0.671597 1.05829
0.684972 1.38106
0.698728 0.606436
0.71167 1.40237
0.725603 0.805331
0.745026 0.856932
0.764976 1.11793
0.779666 1.04924
0.792235 0.879031
0.797651 1.8871
0.808229 0.924487
0.812556 1.14255
0.804145 0.384841
0.804236 1.03814
0.805928 1.22111
0.809024 1.07303
0.808594 1.11582
0.813268 0.817053
0.811818 0.927775
0.816865 0.983105
0.833858 1.18671
0.811899 0.969517
0.823051 1.0164
0.820311 0.961488
0.82244 0.969081
0.824967 0.877627
0.82679 0.848031
0.827309 1.18215
0.828237 1.09855
0.825677 0.62419
0.826962 1.16492
0.824539 1.41929
0.823807 0.863741
0.822097 0.835013
0.819193 0.939764
0.816154 1.16675
0.815254 1.231
0.815456 0.645375
0.811219 5
0.806128 1.096
0.798901 0.921455
0.796062 1.4278
0.792328 0.933399
0.791907 0.86554
0.790077 1.17965
0.785438 0.894035
0.786983 0.916125
0.78471 1.3022
0.782445 0.921033
0.769195 0.580915
0.769231 1.09909
0.767763 1.013
0.765252 1.42368
0.764912 1.12329
0.762081 0.915284
0.761259 1.2583
0.758273 1.34876
0.754383 0.791793
0.747624 0.911126
0.746161 1.05399
0.746217 1.29353
0.755325 0.931085
0.731055 1.19525
0.72819 0.786797
0.715775 0.983759
0.723397 3.16499
0.72899 0.394777
0.727212 1.41969
0.720516 0.658919
0.714289 0.962128
0.710609 0.70634
0.707017 1.28003
0.704332 1.05196
0.698084 0.779221
0.694576 0.962339
0.693661 1.95568
0.687509 0.594712
0.682318 1.14908
