1.110223e-16 2.220446e-16
0.032663683977013434 0.9994346172595008
0.9273404814835738 3.1157232200857656
0.8579763683410407 3.636107580824169
0.675606588813572 4.776149325390686
0.895747811561848 6.11193607385666
0.7388517854132397 6.952846166696497
0.8332119259349169 7.674121595277965
0.7168580405532131 8.525908133944375
0.8843299403927256 9.521150641437947
-0.08403917443311903 11.167590931553159
-0.11431967766130029 11.943195643076278
-0.1402683841682566 12.350496953568896
-0.10794536067689256 14.693751652984995
-0.19774402137767388 15.375713577608158
-0.294999908531963 16.329747781834566
-0.402401565151742 17.396836775234778
-0.6262976454145107 18.949343959381032
-0.756897458177995 19.89486554141117
-0.853978813197511 20.596903652276872
-0.9748618084029753 21.66631213001735
-0.8812746842857306 22.96628739710862
-0.8936510705027296 23.724295205910344
-1.005299802333018 24.90892412813548
-0.7592448984728764 26.249670451763652
-0.7956023999725348 27.33772767950821
-0.7958393017366366 28.478386041173483
-0.8172976847948613 29.28311357989134
-0.857644188714852 30.221291243495873
-0.9660172864854276 31.497390553161225
-1.0020450947642854 32.30424020250912
-1.242748626619038 33.825375417274415
-1.2073549239716037 34.93139144445423
-1.3005695074341694 35.75252389762131
-1.3540288688289055 36.68457105585731
-1.1638547429375723 38.17669821631828
-1.2469636149149144 39.03539843261918
-1.3007729097758418 39.84675292770678
-0.8457206529722459 41.98015480324996
-0.8580474830396614 42.31280269396433
-0.9397375179180713 43.5326382095282
-1.0691200647171906 45.23846928594139
-0.9045622224413523 46.95452190393666
-0.911814289078493 47.81601275068689
-0.9741303230735722 48.61779978581164
-1.0875269072855434 49.27105814045745
-1.1423809449253655 50.12356574208983
-1.2829625372118538 51.06021901288061
-1.3132890199375165 51.717223288339476
-1.3780458118274843 53.05019148701744
-1.3566473985850525 54.1012015213497
-1.5024934114380042 55.25922254954311
-1.5062397570647097 55.88277225843588
-1.6531258479864948 57.1546780735993
-1.6822330427308168 57.93269199406418
-1.778002368758134 59.08872778439941
-1.9595035333155055 60.28262020362496
-1.9903587386019175 60.968847198515505
-2.0244198015786474 61.92943534681539
-2.0354098992307534 62.826318639455636
-2.092629440390769 64.07668837717235
-2.0850503572996977 65.3160133952335
-2.1046324804609675 66.26465650873254
-2.1419648487931915 67.21843677005874
-2.2694982291413366 68.27337986693917
-2.292745193813142 69.16937636609529
-2.0823240973168793 70.58365786723773
-2.13540862859968 71.20637255494447
-2.257787161535215 72.22390587698092
-2.2946204424911767 73.00249839853439
-2.415269089260808 74.11117554415293
-2.4743002144561457 75.0173603337834
-2.4954244771290783 75.77894213326876
-2.577111424104825 76.84438349174617
-2.6501485504247184 77.85277147079915
-2.589609579564645 79.04893628428323
-2.7215165050815813 80.18421915620014
-2.708064030591249 80.74682922377478
-2.6131188160525447 82.31835968126826
-2.717525229468434 83.23287958301816
-2.823348743274232 84.15410945578668
-2.825408690769084 85.32442670711647
-2.7970536804165924 86.51976005102966
-2.854834845161417 87.23844439489893
-2.932372650201253 88.38977360683029
-2.8155124207106956 89.87975156003898
-2.8271240922321317 90.46650940099474
-2.841550370413723 91.74061386437164
-2.8455742768151646 92.58504538029716
-2.853765417765682 93.05268147027954
-2.8769675295060058 93.60025293671802
-2.922727892973765 95.57143621358493
-3.025919447095482 96.50536345625365
-3.3741377420853853 97.98207521980595
-3.4537593915593043 98.7008169580492
-3.491723401312736 99.45794071617202
-3.7304189010175377 100.92687223105041
-3.9315651744139504 102.01877608642414
-3.9649930767813935 102.64679354673885
-3.988232224406676 103.78002805850738
-4.106691230233653 104.65422932011425
-4.275913985755413 105.75984670881864
-4.446439351863098 106.7930946402992
-4.5568433320889605 107.62118925057985
-4.712375939318465 108.63506593689769
-4.698625764661195 109.76281814583956
-4.889474509620728 110.6104586249696
-4.970731639959979 111.72658270898037
-5.074584281692202 112.52340605249066
-5.249059890643186 113.51723978474354
-5.39974182509183 114.57297528073822
-5.409488195298782 115.1246679032336
-5.6466198793865425 116.3289062586943
-5.913549128732437 117.99375397322892
-5.937355678403928 118.4526399754781
-6.011356108097601 119.47817434411151
-6.013476073130407 120.43678822982541
-6.0878794678141155 121.48313964108262
-5.969613458581839 122.93266564166215
-5.998915602556899 123.5946579019101
-5.906210865898961 124.37006836670635
-5.528766644998045 126.16395107456987
-4.48097728860319 128.02734048537894
-4.33284932576651 128.4249866401163
-2.55592322010927 130.7417140213249
-2.320448382509602 131.18568221251874
-2.2139571078664795 131.46023373931203
-0.49878921937906306 133.9122564485938
-0.33827958110651635 134.25756754881408
0.4703640845261605 135.62233600432305
1.2695367451546729 136.93118909409952
1.8565851693431932 137.95440328536768
2.54537481294183 138.94889137437673
3.38364667736346 139.91334872988108
3.912137228086893 140.3774687385406
4.865845582711969 143.3443668922214
5.186041585511512 143.59469814852642
5.85600686640192 144.0188983712546
7.012729341474422 144.91790370167743
7.374120761727981 145.08454656474134
8.034289860550759 145.3266339268057
9.05048850171906 145.68376696373747
10.623314996338488 146.39107823945884
11.122263862360654 146.51045276239043
12.108952998434665 146.67981629707987
13.159470394622353 146.85394213293503
14.17274038616269 147.00677629255895
15.773048261365775 147.23709916497964
16.31751696727465 147.26838287974388
17.420256499547047 147.17428073472294
18.52543779616184 147.19591269944405
19.71096924525361 147.05059004501246
20.67440300712692 147.07734383035674
22.036583293808576 147.0414875508962
22.573560418072137 147.04674086086692
23.5289232108522 146.97945302717318
24.828975515659497 146.98163310395398
26.114492630391773 146.7928089193274
26.815222168354623 146.77906035599145
28.112070596814625 146.67475052031523
29.4984365283085 146.74221215830255
30.66614921528302 146.8331226827401
31.392205862137526 146.73500038982613
32.21632670592209 146.72333889029133
33.95284088320972 146.8624662524883
34.40818990584763 146.86103610503974
36.008773368159424 146.8809701461098
36.63339471449231 146.8521223314198
37.66852917716593 146.7540279004789
38.80890370198514 146.67951743229875
39.90542799703364 146.60818212888506
41.04175086266815 146.5089237536574
42.28234953769002 146.4036348287743
43.31931102658805 146.40759578752997
44.02011039155662 146.33492803125935
45.03764601594638 146.2961899087228
47.02096411115239 146.3448309337508
47.735053604724584 146.28358311049587
48.4554877803182 146.24636096552564
49.70644859523846 146.13160136414555
50.33003319997096 146.12710343466372
51.90992557759581 146.00959879024091
53.15966791195017 145.96292068102622
54.03089492557611 145.9327432953699
55.00826679254379 145.90007929053155
56.22483265719451 145.87274351153255
57.03075359266884 145.84082806239786
58.08735672359961 145.74990184950605
58.94086849194192 145.6609093558937
59.91840536406826 145.5940834933156
61.228505308213826 145.55725296336107
62.359518326536964 145.34249546634268
63.806155802099674 145.35221215908768
64.5966482964844 145.26696541982759
65.79842785702614 145.2268736896299
67.0299135994387 145.24969934925852
67.5873071609689 145.20734600562406
68.12209454820626 145.1656609580752
69.83266917317557 144.92671171987624
71.78444520268043 145.0251858361636
72.32905735381438 144.96823536481216
73.21080816636002 144.88252939528945
75.17894034391578 144.8218032791681
75.86046356699416 144.7836470367974
76.85396690200412 144.66670773671925
77.64243419254353 144.6030357898961
78.76887347217598 144.46751776528225
80.27415056168248 144.3849120242782
80.69357235029058 144.36792067491618
82.44713633507965 144.3255926272905
83.39360978390222 144.25623026981373
84.02895810727237 144.237722284046
85.06039389312832 144.1648135556483
86.51792253352522 144.0477330017678
87.47605575106154 143.96899191962478
88.15057529802449 143.926825410378
89.68144317596958 143.78650447900455
90.7360751563062 143.6864425141713
93.50888569477887 143.5777032138139
93.91101315280923 143.51675758773504
95.44036116150563 143.33294902574616
96.3945563964336 143.251273768565
97.51998553393986 143.1514830165343
98.96064736018226 142.9682471142116
99.60701996378455 142.89166258301614
100.52718752282185 142.7539298013316
101.4526665558498 142.64123976909212
102.42607047418456 142.5128641297534
104.25458468841884 142.27191737551377
105.21044111024634 142.1377546279202
105.91866558858008 142.03510902177032
107.11601406361996 141.90886565002705
107.8867674330915 141.82345772974074
108.86795112958238 141.68636158885096
110.12067723715889 141.52345847083703
110.87921729105685 141.45580385806375
111.91072420751969 141.3312069486004
112.88869919621804 141.20907592334473
113.62363954200377 141.11379002061636
114.68570431552665 140.89595179640065
116.08497797419602 140.76221956345182
117.15623458794681 140.67945131998357
118.52758500573219 140.52489805055362
119.58987148706628 140.4576902370621
120.28177574310443 140.30902609340228
121.0857701245381 140.1625250552382
122.76676508787168 140.0852090864962
123.54922854715375 139.94182928399846
124.20144078471215 139.7961430570891
125.28748620347177 139.59860013396616
127.07454837002425 139.37290682095724
127.77478941719347 139.26958498676382
129.17502341399282 139.11592359942114
129.58993569173063 139.03696391280945
130.89354959381492 138.84753560786413
132.63292761051454 138.59743389491646
133.75046356203634 138.44046063437057
134.83333104439586 138.3240628038209
135.4120853636702 138.22218402765714
136.45277228129552 138.13545650474111
137.98572151097994 137.7702328016715
139.15118657917128 137.419337405103
140.1104778092589 137.42135326018587
140.6926213659914 137.38145613887465
141.50978248281828 137.29598897153377
142.47433732109837 137.20061224990104
144.13030672309947 136.98476040379558
145.46861801076864 136.93068875187996
145.86755386600063 136.86285089818767
147.41075205235327 136.6362281413135
148.90192589372265 136.50577152714996
149.87580797009025 136.42234578914287
150.8370704195679 136.14301778486882
153.1574034007895 136.08140705728212
153.87417262642612 135.9759574726673
154.46072027130398 135.89988114831888
155.35244255646623 135.77399519156305
156.89189858982877 135.45840434444267
157.88731376204268 135.31510362636865
158.84364731946505 135.07548983133935
159.55369692945843 134.93803936685978
160.6312039666828 134.74480816807065
162.45107191795006 134.46453672806877
162.91022698553377 134.38963149483905
164.8083881758666 133.633166905569
165.47396552895714 133.534192008109
166.54988506423393 133.35720380615098
167.32757453545443 133.23844975717498
168.10662096762644 133.11323350021487
169.34754760287416 132.83297841446557
169.93095311659187 132.68286239286746
171.69932754379937 132.44488034996854
172.40396558444704 132.25119772784257
173.2062312163462 132.03902025125592
174.35088253848699 131.79276566715797
175.9099373078916 131.63867117653695
176.63003958637572 131.46666368507746
177.87407974988815 131.1769637924114
178.52520586883082 131.04499034360572
179.53366493066952 130.85865110286426
181.28184319033144 130.40775539549117
182.334758468087 130.18592199597157
182.83241837122594 130.0334182752695
183.72195906138535 129.83326783845285
185.09868038832843 129.53790387782686
185.93483676333676 129.29850020035408
186.9011068942026 129.0200856064681
187.79494683845647 128.8570030479507
188.48429837546297 128.7036012121878
189.78305691646653 128.429716222246
190.64694895983743 128.2218703090262
191.70658628592275 127.9748507485023
194.18512243009152 126.22418380134444
194.67533954180894 126.02941556911482
195.19861972806822 125.88806932155862
197.360698892944 125.09783777175419
198.45885486760318 124.65758447838515
199.13486815659942 124.45450108642115
199.87135518253157 124.206471931966
200.76109463016283 123.88727490480834
201.66272656662636 123.59974316331792
203.42236457993937 122.81466107438759
203.97757023470243 122.63589518494145
204.9102061103328 122.37827794824368
205.88349787660155 122.07502277983362
206.6312703059875 121.85280947514423
207.87615223920668 121.44973792053668
208.75166685546338 121.14711717015636
209.96043835383293 120.67118183652723
210.82536644040482 120.2925106329021
211.84186495611104 119.95163184472177
213.15958125251154 119.56441794874539
213.7385980111171 119.41964203117942
215.2870888009207 118.99525962500135
215.97661852583872 118.65723427721547
216.58011080836948 118.47011941538213
217.98573426231607 118.14919307164804
218.80318873147127 117.93511531412803
219.81277157089724 117.70450458156978
221.04381522283964 117.28428880970476
221.60358345478008 117.0990352311253
223.32181763910432 116.77022117011882
223.93481951068082 116.6194779684792
224.99047228600605 116.33129467835414
225.80352251508236 116.07424598295628
226.97308403427988 115.7780375769815
228.16000579705704 115.49074320923344
230.95519615991645 119.2340150270056
231.16315094463084 119.20061638524875
231.99342485092126 118.99006764847597
234.69269920183277 123.19844460031729
234.88782088267197 123.151278693256
235.68377629101957 122.94955112613174
236.94589177952403 122.65029302189745
237.92198165529786 122.48358841628551
238.76707245687376 122.28875562885652
239.71650069801248 122.08779087177007
240.55401654543067 121.85412026044007
241.31952649099767 121.64016289747907
242.20957386946452 121.37569340229145
243.17988755837183 121.06400580919006
244.40616142038098 120.60761710838864
245.4795889763474 120.19708687988805
246.44380033365363 119.86429806143202
247.1830658307745 119.39400439455385
248.81725023021423 118.76978864864964
249.75088086566234 118.4585245877947
250.38509036632627 118.11866573067901
251.3743346227504 117.71382016544511
252.17420664584117 117.26230439263405
252.75026950256355 116.91115095239591
253.42535313692588 116.49882142632288
254.61950656115238 116.03994490777171
255.1102166019397 115.69531411064177
257.00284861721616 115.01939330628505
257.65084043533886 114.78927805504965
258.9752429581908 114.3556240899414
259.74227350120583 114.00336523727265
260.69014483476553 113.68333929656914
261.483576253917 113.29694921304612
262.2441284069949 112.94930824527415
263.0026691333838 112.57388993875824
263.5635513411503 112.13956947306453
264.6081391743416 111.50303358609838
269.0257634868881 113.65672743298933
269.2365499551912 113.53671447372409
270.0657828020186 113.04933732707467
271.0676038643341 112.5206170732132
271.83079554442685 111.93503245196031
272.5486193785525 111.40816043693236
273.4700129061442 110.89356755923055
274.20626997512016 110.35734660247492
276.01477160211834 109.35757625528498
276.71043418714225 108.81924607088224
277.5474143044865 108.23715476631028
278.12903074681105 107.66414260448163
278.83119507017034 107.08996938114142
279.69344744349394 106.61540437549843
280.6799673859622 106.01352855487275
281.60257473616645 105.57407809712842
282.55423610698887 105.05969141634321
283.181690849979 104.48799322486842
284.45864165357096 103.8679522865789
285.33026788177204 103.42421658307666
286.2614631539318 102.98905490409952
286.9206168604626 102.54372133968347
287.9885959859069 101.92532297324784
288.9650859306568 101.3636388090188
289.6739025391358 100.74912162008678
290.23848610616386 100.30930223588993
291.56359929691286 99.98798585608321
292.384469680921 99.5802629541923
293.22222329135695 99.18254615204428
294.1694507013917 98.78587736088784
295.09356145988284 98.3387106594991
295.9088284803929 97.97633072712074
296.8974735665744 97.76910134370003
297.8021431730511 97.5571564148925
298.84008549443496 97.19242954742893
299.74957584133796 96.87504152726169
300.7065566413604 96.58280130772349
301.01219199871935 96.56105768769359
301.5415786749134 96.47437541747574
302.84029061259264 96.437303405727
307.54288820874973 94.86023894454473
307.7227022847042 94.84776675574086
310.36646842798115 90.72226564876348
310.8621939530065 90.24535435994937
310.95546680237123 90.27414248698724
311.9513309782221 90.63118277325727
313.1677571443356 90.99407252020056
316.1691899560084 91.4411204435381
316.693230609173 91.60679690781
320.96152082786483 89.01944237807047
321.06471493792117 89.0630808621076
321.53987239966165 89.4267886410334
322.1156384959841 89.8162432923151
322.84569207497486 90.30055402582374
326.9435021068709 91.81533159058928
327.1539248548413 91.98240467067758
327.9134414300443 92.69784243541663
332.5693575702146 94.49984717461194
332.8361357526798 94.73274613432544
335.4484822355577 95.7414507124738
335.9416297228762 96.1202436928791
336.5600509177757 96.74325412214414
337.0382992987742 97.32714482598179
338.61087989780793 98.8032892834087
338.8243317411248 99.15906513048174
339.4530675967177 100.11826087919933
340.4823839901808 101.26320135839478
341.51565916166186 102.30931755354109
341.7249686853628 102.67091381444672
342.2104657798098 103.49935031488604
342.6827152072172 104.29033635323738
343.13720149353793 105.09245121437772
343.8505738038921 106.27534066589662
344.23846391492316 106.96906398288269
344.8790117440849 108.2439755220646
344.9842501988008 108.40587811378818
346.6971009595533 112.04733260810438
347.24424029800844 112.9270227384181
347.6957787762423 113.70604360473783
348.2775542006534 114.79064005696728
348.67781419560987 115.4111040556037
350.6054355608384 117.63089989166697
350.737899162966 117.84386267241604
351.6221408906729 119.27293922394477
352.2776582522161 120.34508579610932
352.54713690905993 120.81662420728901
353.1412476317219 122.04293202365591
353.43224589766186 122.63059577768324
354.02222353540975 123.88859323703684
354.7600374860433 124.97111323376356
355.4506724902103 126.16605076754301
355.6613069591661 126.63922846190404
356.1282114771633 127.40299447591966
356.903484381361 128.7398998566637
357.80976302489796 129.99625210777003
358.0734159971616 130.54232077337358
362.47607123500796 132.78381329943642
362.57622603857715 132.94762708826585
363.37932386490263 134.4170454259816
363.7165422189878 134.92749511093675
364.4157616384571 136.0976592183657
364.7283519573122 136.66730772412924
365.2755016667457 137.66404132167918
366.2768279227487 139.2060807612814
366.67716349615836 139.8136387624199
366.9489626209266 140.40272208693375
367.3980867226795 141.24126313964354
367.7785743518042 141.9783677876826
368.4855576610322 143.2055125744612
368.81306787135276 143.8291403432915
369.6175221905554 145.14333563937984
369.9759517696112 145.83587405075397
370.33806322690606 146.65584885177873
370.6798036439763 147.31728937567144
371.4102972195259 148.62164819380382
371.9849422797365 150.14601835348714
372.2313007618738 150.69044687108615
372.6075363459148 151.44010012111355
372.9887193526448 152.3741693862162
373.19739958112524 152.96611493385134
373.5934216195069 153.87722742806952
374.08559943871813 155.19746551019873
374.3747648124028 156.00014659779904
374.7189193270519 156.823335492222
375.2679114983835 157.94028309892468
375.7664681532861 158.813750792548
376.0051080182049 159.395901462297
376.62644476451567 160.63685419328786
376.8205269200939 161.17864820784385
377.24430945386143 162.64212630786858
377.32318877286895 162.9496437088593
377.6955981130945 164.38296725489715
378.0099820640889 165.32413209540192
378.4522628946045 166.50507112589034
378.6933268611549 167.0773109756127
378.931056431538 167.95544368001777
379.7466545183366 170.87364657532422
378.3113904187311 174.56608433343092
378.3354401574583 174.66620995885975
378.622394981073 175.519093955546
379.14528466200863 176.9133272912246
377.0836728701053 181.4240291557149
376.795677194853 182.17886926406558
376.78279968159677 182.3453473095559
375.0838683717954 187.04781274200963
374.66634902160655 188.02935183372995
374.21988402256346 188.9939393832201
373.59987882177467 190.05500207058714
373.0936862872041 190.9916332482294
372.494206147488 192.11664765822266
372.1262585111986 192.67653112345934
371.59643921796606 193.6612257009411
371.2661387625056 194.12044851497018
371.2634080296349 198.93467186799018
371.18574674802056 198.99650490979946
370.43847935460445 199.60120753013004
371.59032840308635 204.4243735570258
371.5012926292288 204.4645871511823
371.02267420264883 204.6496902319208
370.34353239933046 204.91832344220666
369.2116675791724 205.2251610386714
368.2564044317298 205.477258997221
367.3312098988739 205.6663695706481
366.2420669538065 205.87065747476694
365.76106562466225 205.92813442757713
364.17114482330317 206.2751778753781
362.38286028507974 206.41769771658835
361.7542036192963 206.51673734030274
360.37430507259677 206.864288523299
359.5212766099861 207.03083928811168
358.3810270025026 207.30907640072715
357.4842235376025 207.5919340810965
356.0878481028549 207.8605563353633
355.1211494177269 208.17004489580447
354.34058928599734 208.2758237164225
353.1409863725077 208.21238169553837
351.78833356889095 208.31374563416867
349.4692738540094 208.01376472506058
350.18682965258887 212.08636468595063
350.0887683556821 212.08995142479645
349.2748721304381 211.93322367955915
347.7562902092031 212.00754352654943
347.05552616792363 211.91124811532785
345.43378682093635 212.1177869451581
344.6638533842564 212.1134114925202
343.7325139278446 212.09881256927227
342.740929929021 212.11733615320898
341.88438770381697 212.08836388667464
340.48909720086823 211.94512250229997
339.6449410019584 211.9790394981196
338.7246609059589 212.01911789927644
337.7785815112799 212.07872710196807
336.1897329088801 212.05655359451492
335.3287077830002 212.0535493366968
334.2945056963162 212.06972592597734
333.2631672063957 212.13304030916598
332.329762686882 212.21676084249833
331.5416255438471 212.2798523412778
330.5259532092711 212.25884159896057
329.31263856101043 212.2817106855656
328.17940762175596 212.43605060439742
327.2794081879707 212.52128703417222
326.14808683178717 212.58899722225456
325.5532643468833 212.64295520355452
323.9060569980223 212.7179523006864
322.8405079372706 212.83150907743777
321.94607767657345 212.9753866584726
321.4376044681159 213.01244964026435
319.9519469542095 213.2471925641491
319.19639887187253 213.309152433046
318.34350934795543 213.4420525095456
317.5034083364487 213.53568929962094
316.42383599625197 213.5719116495295
315.3602243973642 213.61535227701233
314.71371924929787 213.68359894209343
312.4391087149623 213.64911949554488
311.95368295219345 213.70257949883265
309.6281012143465 214.0203450515822
309.0855932479806 214.12991651751443
307.9537599390793 214.11637016638173
307.21278751531213 214.15782965415923
306.02368678074436 214.3256957235386
304.97357783042366 214.47584915177632
304.5120464847487 214.53044376613548
303.25473904350065 214.69757301831888
302.3993756406544 214.8234672177577
299.6259902537559 215.2462561875589
298.68387616457676 215.27423702764685
297.89821932854943 215.41521315477337
297.61578702307315 215.43516216269208
292.71190712933304 216.14039583843427
291.8020432789729 216.24946392900694
291.1953213784559 216.31279059274695
288.7120454652323 216.17399956571705
287.79089221913193 216.23139202979465
287.1243205033916 216.30526477224714
285.84583595989267 216.4131013631322
284.8752660790355 216.52056140400296
283.64624340491036 216.6706555801311
283.15764597259454 216.7356447208087
282.6193803828168 216.80530707744083
279.497826804646 217.87997719014035
278.900767556719 217.95889660292207
278.0211912232514 217.985321081303
276.9194015749041 218.14447800574968
276.1108236884541 218.24903765880688
274.226694653669 218.39007827763422
272.8645198202477 218.6441836717164
272.22808647498596 218.7713268380363
271.146927819169 218.9210198548942
269.67448281714917 219.00622143128817
269.1221999173623 219.11297821239114
268.62584111637466 219.1745847645559
266.7888555597324 219.2826600878505
265.6213393063233 219.35638390089804
265.02560009113347 219.43525531072032
263.6463622828436 219.50566314425515
262.5515829189542 219.6471920337432
261.22656315118275 219.78327208355134
260.76156686977714 219.78115582652876
259.1677566419121 219.84175705121524
258.2997033025899 219.92234884088433
257.3999386386977 220.0217651420569
256.6919538114876 220.07686563497185
255.4964061355509 220.2058475183831
254.3095332271493 220.3104230704447
253.14786220285256 220.4830042204312
252.5893488190791 220.50630627427296
251.05984871128067 220.58667535630852
250.0857287465183 220.7103560848782
248.73274177407916 220.810757299201
248.0910061503868 220.86748384782155
247.07596875058746 220.91727239649467
246.30972673652278 220.93842765055444
244.1537432386007 220.80226559692065
243.520737350759 220.86394402341426
242.3691506956515 220.9871932922898
241.1433650226867 220.9405130966855
239.95856356883027 220.9923580510234
238.97171735209042 221.12733589991984
237.7772402605766 221.28769060385503
237.05560111333097 221.42516381021133
236.18143858861643 221.51828841063303
234.951242994974 221.58361631166787
234.64119846810726 221.59127760693454
233.22700416736845 221.7491758857987
232.4768376316057 221.80488778502266
230.06553329176668 222.24368281109759
229.74292400547907 222.25112907599268
228.03542122914251 222.3271735062028
226.59955984952012 222.41175714612606
226.06967240137845 222.44962153515485
224.18298504587125 222.7084652754761
223.34451659936266 222.75757285784923
222.31747362784986 222.92842687822235
221.4316966257708 223.02938710738357
220.56867364312947 223.13632601148095
219.49677571033266 223.24748328033436
218.48620008256972 223.3306535005414
217.17946583476797 223.49371915383466
215.8613701952943 223.39711069204637
215.08680115671058 223.56016896309393
214.39773430242323 223.60810691867462
213.22807359947333 223.65738381687171
211.84686038625497 223.91540287112463
211.07814769863126 224.00206840421583
210.25746000167157 224.09666444398184
209.27145557118766 224.19567267860597
208.1136333216618 224.25361662958713
207.1234398121628 224.29094147436587
206.08353519205036 224.38179272421328
204.82646614305963 224.5166881298151
203.47020066850658 224.5162793717435
202.9463751204977 224.56039036963992
200.87215185325886 224.63698802173062
200.28718968996714 224.68610487983958
199.15570547310776 224.6743320123047
198.59651671859183 224.69377469519267
197.06346045393917 224.93252592584702
195.78561579186575 225.0969773152398
194.53885689466128 225.18204837120376
194.05529947135088 225.21060045149036
193.0872806198933 225.32956247107583
191.26913679386425 225.61658931708905
190.82720112825496 225.649378522239
189.3972776782578 225.8012165873772
188.20428276261438 225.7872345500555
186.95062083840537 225.93616088029563
186.20592933426417 225.98635258335318
185.02254922780043 225.94830887695568
184.20855404095192 225.9661056530173
182.60545237647455 225.82824768664665
181.86894021234292 225.89721910363338
180.7585328878905 225.93132775139634
179.93309951126838 225.93054519332364
178.8972143392407 225.97870095992778
178.17527892478014 225.9438766849327
177.12684839681089 226.00521876825846
176.01685812874499 225.99921965946828
174.8450477247533 226.00760695384224
173.9709437843705 225.98830965786917
172.76625621446885 226.0374652868054
171.5152717245486 225.93877242587214
170.73106422980322 225.92021323542792
169.8123664034789 225.92997181253565
168.85356996008952 225.94067792761138
167.7876703315147 226.01545244029987
166.71551981197086 226.1035119469927
165.42631638177738 225.96290897560468
164.8096780331783 225.98714189554542
162.7182935885036 225.71110124315726
162.23430822570492 225.69920483962193
161.5534318291875 225.70975589171175
160.2604143505485 225.68357129517884
158.71570472765538 225.5990140622671
157.96935384475205 225.6332949452059
156.95980154212882 225.71063717280822
155.9141551432561 225.6610927196279
154.8947811810779 225.6651686560407
154.17784220120723 225.62305400531798
153.09060534109588 225.63969574559556
152.21821828865652 225.65805090038404
151.583560282231 225.66472384533486
150.09895209553645 225.55942209493068
149.15398676936877 225.57409346325989
147.97856597416856 225.58934737859002
147.0736821392318 225.6585024278905
146.8465399821059 225.66319488518616
144.76992731908254 225.4813636740385
142.8732941733898 225.375156636521
142.21107197814138 225.34552608119148
140.96994861019456 225.30499301223722
140.26760387898457 225.22215055703538
139.2597028509432 225.2695255430578
137.7554541110456 225.39536327701904
136.9853863130883 225.34667936068524
135.47968813116364 225.23262055375167
133.70644349426257 224.57298607755834
133.19163377027746 224.61077011274338
132.12110007384854 224.47114512508682
131.47077513223547 224.41005711679117
130.46432147043512 224.28791618122827
129.5978896634592 224.26594887877647
126.09977792593034 222.70511188252814
125.85295818701702 222.67567947194206
124.35073487135462 222.90960345345164
123.21489536911322 222.81959545034493
122.37206189420893 222.9978190717776
121.70700241858002 223.041714808335
120.57724747594771 223.11719125479436
119.42711218721513 223.10655960232592
118.34630703016579 223.1261879399701
116.74773753401824 222.58087064550023
116.10655116023 222.7891943994667
115.41135080067153 223.3731895252938
114.728854920714 223.51008136200235
113.80138562960006 223.68385619666975
112.41910639518653 224.385077663765
111.72486692652471 224.66021604215655
110.73663796423753 224.81531767158177
109.79269377496426 225.02669838294855
108.7475465826342 225.4063163154643
107.94931405965617 225.53724984374404
107.26951306706641 225.87702815039398
106.26074698889512 226.17157786750826
105.26810852392637 226.70194112988557
104.66555475639093 226.9496064128129
103.82763624835358 227.2440950564718
102.50193774784292 227.75554423278626
101.72059414603788 227.97751394016245
100.69185494727365 228.39531914569923
99.74974679983461 228.7142442933729
98.94404771984041 229.0780791040587
97.88276318961225 229.67729710412272
96.70824588641968 230.10403551350385
95.01748716003243 230.50948685676295
94.56569924303999 230.74505087527731
93.78601398219047 231.6158809838448
92.7040557629221 232.26885637722148
91.94926057297226 232.88258687851774
89.12108049299512 233.1598527309385
87.21066082122653 232.6866353622706
87.1654816196795 232.7758476361643
86.82665913822785 233.52775058427838
86.33508572435765 234.4999881712311
86.26117909880584 235.16987214347304
85.51429881563584 236.60676654195765
84.1625412077453 239.0539489039021
83.85399852461882 239.59902286669626
83.62539786178836 240.62227061583846
83.44524835917994 241.45705432046609
82.93323262735998 242.97071139707398
82.40321111415993 244.0926973031715
82.2718697612443 244.56624627309756
80.45470137297934 248.21148767772456
80.36737084572282 248.6773607844851
78.52229196206811 249.32907738598385
78.67131329670451 250.30647079727427
78.70186467948078 250.8589098358102
78.63443466237906 251.78203169308762
78.54315867546231 252.97628192366966
73.65299472627034 253.70493572445164
73.64554407419563 253.8168030081946
73.5448638291585 255.16809063720694
73.87527444211312 256.5370792430754
73.82659388199934 257.22486925942394
73.97630676724256 258.63486429460795
73.98988445933114 258.96828084272977
73.94397793782494 260.83584685325553
73.98539007026478 261.77106266209705
74.09873466178449 262.71717568259623
73.85689049799362 264.2327008254597
73.8841165624742 265.1158962550511
73.86729839953806 266.1494022483541
74.0031535923349 267.489217524529
73.98355154308035 267.98296637154897
73.95154188750092 269.03221177610243
73.89021506567295 270.0327228064067
73.89741857806513 270.77608190083146
73.91852862213318 272.0370765587205
73.88489127268372 272.89272489580134
73.665688086808 274.6109925383241
73.61566529430318 275.4164016827288
73.64081261039162 276.5427656032088
73.71810009408148 277.4740230019629
73.7610651691902 278.3967703165783
73.80308068548526 279.71599218289003
73.75747629509999 280.47052046806806
73.73677194125278 281.4634013310481
73.79799324506027 282.6712164451672
73.91095511820188 284.3345170860918
73.92144851075659 284.76763380802436
73.88384025492915 286.06827088739766
73.7299472432676 287.06917784799106
73.64808630179519 287.8667017337006
73.62805059741454 288.9092307515982
73.72692678650058 290.3307891107025
73.7189389452395 291.1391215143091
73.89039254084432 292.3931085284475
73.87724467018903 293.02028320278237
73.84731621515564 293.93851990285066
73.79731851858887 295.29650328488714
73.7237812739619 296.1227892680797
73.60874397814773 297.2056748084476
73.26414020039161 298.2916530421131
73.22506529898229 299.06108763414784
73.20979011502011 300.16872738753693
73.0317960193177 301.65803588580906
72.92664465429567 302.20383104582453
74.82963628488594 305.73471273961695
74.76134350979726 306.05184490033076
74.65807064259673 306.76059506275465
74.42800714333922 307.91561701504304
74.43570621809943 308.68963403665754
74.20359563141831 309.9831583897328
76.88695269151236 312.6607634470457
76.94001382027656 312.8848921226238
76.78129635886488 313.78540714122624
76.7582984835973 314.93003109538256
76.72553912308244 315.84840544260584
76.80660956832159 316.8528447661775
76.61338512514693 318.04823921362447
77.78810234152606 319.55535373884754
78.014524169539 320.04475690424056
79.49817920086312 320.49570145502184
79.61306207640405 320.8290394098964
80.27312722621527 322.18998665872573
80.54184539914509 322.845708060448
81.25479986098239 323.78198177701194
81.79563314437344 324.65863561376676
82.47891134798228 325.57018058310933
83.01016918660689 326.1379940420264
83.97786665290376 327.7182163717737
84.55920021494032 328.35727782393394
85.10361580138927 328.8084907093231
86.0722966408011 329.7095135147547
87.35294941917883 331.22955810354745
87.67484010016481 331.4852564926053
88.79734471202188 332.4125396917801
89.879340101375 333.2312769574624
90.35986176819904 333.4271944391263
91.20477825596667 333.69228169854443
92.51318624940299 334.55475611447747
92.88230490705837 334.72376587330433
94.12887646148903 335.309789445609
94.6579908238397 335.48962794608127
97.4275003171944 336.63340686058984
97.92963282289712 336.7002323880468
99.85931806925872 337.0687704206042
100.36549845809348 337.1254469000425
100.89609686805979 337.2071928962114
102.37140018551297 337.3221530779462
103.71669445740955 337.43162506131364
104.4906897116366 337.45460242667434
105.76123898310694 337.34781771709004
106.71238415636346 337.3181429907491
107.71370569981383 337.3483520658968
108.70756747253513 337.3574179185867
109.525405699543 337.32781462219964
110.8391802138978 337.32259382372416
111.5935349086728 337.30128983912135
112.87990182064986 337.29762582307103
113.86199321099768 337.25374334063844
114.719665133919 337.1037057326767
115.81473856792302 337.0453454298923
117.0543712261258 337.03572420613733
117.72216340467838 336.99971126471377
119.14296556696664 337.00122802066005
120.1127699164541 336.8893432529181
120.98317112507569 336.78192345034296
121.71296732508969 336.6936842675318
123.07822586340698 336.64379341943453
124.65737171509143 336.6355211788927
125.34564817162263 336.6060715527811
126.3291195801823 336.54702217072145
127.23356425174356 336.4998783796571
128.56896658898847 336.3536585278412
129.41357525437644 336.3498145532533
130.46156060634556 336.3174643323934
131.45742674766146 336.29388720741895
132.70541616815896 336.2433514122592
133.80690630632438 336.24485360346443
134.65117334338984 336.20282318142887
135.19376823410423 336.18724161985534
137.52684088164165 336.05888922777626
138.16590106839294 336.0147686029323
139.30154695528796 335.9618723033101
139.94672167111804 335.9270986528513
141.03924886795087 335.8547227729083
142.19835023443966 335.7459810732368
142.93203540310478 335.68610947201296
144.50359870404674 335.6397587838833
145.23819603998174 335.59816564727043
146.44841804850827 335.57293996177106
147.21628227888718 335.57340675976485
148.33535211709622 335.4624331804507
149.48501270132726 335.40832121475523
150.2977064431512 335.3618928117688
151.6047139260488 335.2488675559877
152.33561063285873 335.2067118306792
153.29113271465812 335.1439437993899
154.71364455981453 335.05115091429946
155.5641547520711 335.0113845250384
156.47264146621032 334.98465673009343
157.9792422085418 334.80297555068427
158.83429814336702 334.73777365497057
160.1442928544005 334.629665648089
161.0639306556812 334.5918982560463
162.0473655397987 334.5195364169109
163.12464648190027 334.3673608399175
163.63974212160775 334.3367124531607
166.75345621661904 334.46005458576275
167.34213043932314 334.41881708090085
168.24311776108487 334.33792408393805
169.2511818130945 334.29861687042353
170.0460436406332 334.25622169330126
171.1481373800458 334.1508277373884
171.7557483604161 334.06532371435765
174.4833488450686 334.0754598058305
175.32918049056155 334.03037204619227
176.23145981864704 334.01486535370145
177.15584926992707 334.0554286706448
177.94876301081453 334.02963702808313
179.34448377605037 333.97590029767167
180.34073680680683 333.9294130351579
181.16698076301466 333.8773727214734
183.64723543351744 333.33143072765256
184.07623018179902 333.3181033430582
185.04172274815312 333.22347176033736
186.20602582917374 333.2027319639927
187.4460522008872 333.04524689346675
187.94031040516342 333.0564182260849
189.3275482786511 332.98792300288494
190.36906309837397 332.9874933384195
191.55294964711757 332.9786679374734
192.41312831350038 332.94643447481604
