0.5654466776584491 1.0
0.5624024424861801 2.3126773834228516
0.5620113293277041 0.5250157117843628
0.5624000227311915 1.1546518802642822
0.5650003408425354 1.3581866025924683
0.5745226191716638 0.8577879667282104
0.5796427178339693 0.7275608777999878
0.5874219229246134 0.8611363768577576
0.5948624553375458 1.0098280906677246
0.6015207410366246 1.9143924713134766
0.6132106977109106 0.7761960029602051
0.6262472280213142 0.4081883132457733
0.6485480959299016 2.344000816345215
0.6650452263881079 0.687950611114502
0.676848720260605 0.9591240882873535
0.6841828440944805 1.0738162994384766
0.6923143183526178 1.5689328908920288
0.7108763317548907 0.954910397529602
0.7343665668011847 0.7088389992713928
0.7604242356977654 1.0762643814086914
0.7766410873241324 1.3033521175384521
0.7889750879980737 0.7581292390823364
0.8037668681407827 1.1899449825286865
0.8213880014843773 1.3642287254333496
0.833039264976627 1.089277744293213
0.8464074610153798 1.140804648399353
0.8600655321313904 0.8051260709762573
0.8818066165422027 0.9390755891799927
0.9012147979548094 1.2806987762451172
0.920437361405773 0.8083231449127197
0.9347572277272119 1.540822982788086
0.9534316728253767 1.1075594425201416
0.9719695184179903 0.8264247179031372
0.9763682554469968 0.9336279630661011
0.9831706162539693 1.504862904548645
0.9880053627668713 0.8629810214042664
1.0017147556744543 0.813495397567749
1.0078811458671166 2.1834115982055664
1.014892285811163 0.3329189419746399
1.0215762906031551 1.2228450775146484
1.0291130781334432 1.7125067710876465
1.0365957417370504 1.7241944074630737
1.0476192007776157 0.8616468906402588
1.055604122545277 0.8047160506248474
1.0635003703569232 0.6631899476051331
1.063353511937555 0.8545955419540405
1.0720106144597519 0.9471501111984253
1.0756475909164274 0.6578389406204224
1.0771174574535762 1.3346717357635498
1.0781074088227431 1.0518262386322021
1.0761842782025821 1.167386531829834
1.0748401251893889 0.623587429523468
1.0656845604066023 1.2803994417190552
1.0627491392077497 0.7787691354751587
1.0733928859883664 1.1601662635803223
1.0791672978329345 1.2076537609100342
1.0771787065756564 0.6872843503952026
1.0765725734589375 0.9614368081092834
1.0792492964079237 0.8977399468421936
1.0708723213007258 1.2517977952957153
1.0737574930313647 1.240185260772705
1.0745507907404812 0.9494635462760925
1.0669276277780038 0.9555516839027405
1.0722042940447496 1.062628149986267
1.0716883861575652 0.8970247507095337
1.0868893779230704 1.4355716705322266
1.0858670025933206 0.6251027584075928
1.0832570331172549 1.0249152183532715
1.0792979104677298 0.7795881032943726
1.0780623155198406 1.115222454071045
1.079444463566791 0.9083424806594849
1.0818211038216918 0.7622998952865601
1.0850776163653002 1.0690927505493164
1.092489031846552 1.0113487243652344
1.0889640849931683 1.1985085010528564
1.0856971632015981 1.1429638862609863
1.087874320000698 0.5628867149353027
1.0840890914311452 1.5753381252288818
1.0842121114846448 0.9204753041267395
1.080090806323719 0.9273445010185242
1.0747364728387974 1.1719175577163696
1.0696226789485261 1.1959182024002075
1.0692205811945368 0.7211189270019531
1.065802071395063 1.153943419456482
1.0714458959107531 1.4973686933517456
1.0665068719201922 0.5874972343444824
1.0614993195122675 1.2749688625335693
1.0554241253230854 0.8444905281066895
1.0478069225964344 0.4679228961467743
1.039624034262867 0.548301637172699
1.0256323155834184 1.9724490642547607
1.0115388825670408 0.9402426481246948
0.9944162673372857 1.5188592672348022
0.9728419195825082 0.7232056260108948
0.9538106527922734 0.7581057548522949
0.9314042823290943 1.4885401725769043
0.9065574224885133 1.110581636428833
0.8858309068332298 0.629334568977356
0.8626230156771864 1.1355398893356323
0.8400839180998532 0.8824456930160522
0.8153122932625291 1.1185026168823242
0.7871275782666967 1.0474454164505005
0.7612316620451465 0.835655689239502
0.7286481584688187 1.0260567665100098
0.6994110273315611 1.1279274225234985
0.6665454492095867 0.8711186647415161
0.6387283729019672 1.1208853721618652
0.607369095941669 0.8057575225830078
0.5853785530996107 1.0095723867416382
0.5645078573235326 1.068131685256958
0.539790518187384 0.5517791509628296
0.5179405819290474 1.2290345430374146
0.4949712035442017 1.6869499683380127
0.4744191964128287 0.46039050817489624
0.4510727114878572 1.029284954071045
0.43221920473875597 0.9589603543281555
0.42157869887838345 1.0511466264724731
0.4129236741106074 1.4573532342910767
0.40252125273703976 0.6632137298583984
0.40153194236325673 0.7837042808532715
0.38850345137720216 1.8361339569091797
0.38876928208899453 2.1378908157348633
0.37606976526836444 0.42447927594184875
0.3804884695782528 2.9760208129882812
0.36550468943640396 0.5028896927833557
0.36879589148741326 0.29456761479377747
0.3650026672847737 2.994239568710327
0.3540303225050158 0.3823082447052002
0.36076619936046955 1.587100625038147
0.3456436161395113 1.5336002111434937
0.35158238703610545 1.1811718940734863
0.3398982253984205 1.2101099491119385
0.3518210087601389 1.2782959938049316
0.3456180872047748 0.7034009099006653
0.35999594452978295 3.1429848670959473
0.3623721061024071 0.4075542986392975
0.35776397678993693 0.7933549284934998
0.37508046688393387 1.4659242630004883
0.3693647264902946 0.3979931175708771
0.3808130976838401 0.7031618356704712
0.3803428979276466 1.078458547592163
0.3889914971114383 1.7249963283538818
0.3922231486743253 0.5131118297576904
0.39299512140737836 1.0036695003509521
0.4096033689509895 1.0649712085723877
0.4195571515312303 1.0281107425689697
0.43572093357560865 1.6187045574188232
0.4451873571969442 0.5454529523849487
0.4659390519649545 1.1148070096969604
0.48477481894277497 1.111443281173706
0.5002211585868789 1.2028318643569946
0.5206255362619082 0.9638088941574097
0.5358574611685465 1.3631607294082642
0.5542516350693066 0.5399163365364075
0.5731261413554612 0.9597766995429993
0.5924287947129172 1.303908109664917
0.6184946863320661 1.3000819683074951
0.6434951862073244 0.7009596824645996
0.657389823125518 1.3019373416900635
0.6766707818400316 1.388028621673584
0.6889827091219343 1.1717734336853027
0.7103087976197394 0.7337263226509094
0.7232674910605357 0.8247199058532715
0.7390181996297517 1.7427384853363037
0.756431213406744 0.45582130551338196
0.7659274276039467 1.6009608507156372
0.7775491589533102 0.6254895925521851
0.7806242246330806 1.0404202938079834
0.786937746775437 1.1432901620864868
0.798460736372804 1.0996036529541016
0.8067284176573933 1.1418147087097168
0.81686457707566 1.2453088760375977
0.8181327753879568 1.0373753309249878
0.8223316461069711 0.7052183747291565
0.8313749530079687 1.0196328163146973
0.8389060048950642 1.984899878501892
0.8419319309902669 0.7181289792060852
0.8443634003176591 0.7216943502426147
0.8454879651355182 1.2596805095672607
0.8385948855699038 0.6244376301765442
0.8316459310842589 1.5847502946853638
0.8217085966788955 1.2522790431976318
0.823436878554756 0.8723280429840088
0.8323734506241747 0.9798018336296082
0.8319992062622432 1.2180052995681763
0.8222008342862481 0.8069327473640442
0.8134535382454199 1.061779260635376
0.8127676440927065 0.8588417172431946
0.8065695588658136 0.9801347255706787
0.8047607746405192 1.3132966756820679
0.8005363014879429 1.153341293334961
0.7967776133125253 1.4467203617095947
0.7951179827648186 0.7951192855834961
0.7911216672067589 1.2041656970977783
0.7837870751607235 1.2317039966583252
0.7817790056179537 0.5598843097686768
0.7721988563996992 0.5368119478225708
0.773932405461871 1.7305219173431396
0.7688513055357306 1.9544600248336792
0.7613039740872283 0.5476208329200745
0.7505290675916543 0.8861815929412842
0.7342590641190584 1.9707136154174805
0.7156252978926929 0.6834444999694824
0.7059467829263042 1.0004794597625732
0.7015442536747076 0.7920220494270325
0.6982381549220807 1.1355400085449219
0.6956486275412368 1.5099464654922485
0.6956207165661458 0.42009010910987854
0.6894355212229764 1.7557352781295776
0.6862954341426146 0.9501330256462097
0.6849305532161639 0.6360458135604858
0.6762785932890378 1.034779667854309
0.6739559396763267 1.4637842178344727
0.6703727318358048 0.9629233479499817
0.666724823723403 0.6761841177940369
0.6615556056666743 1.5376256704330444
0.6635467208878358 1.0607057809829712
0.6716613060047456 2.7756857872009277
0.6744111879269168 0.40738382935523987
0.6797171348737673 1.5404266119003296
0.6831974376130207 0.9576864242553711
0.6914367601516476 1.130745530128479
0.7006988515339486 1.4523491859436035
0.7137691000344576 0.6516761183738708
0.7276322780945068 0.9336371421813965
0.7294646517309816 0.9336716532707214
0.7328213340378412 0.9821810126304626
0.7380810635865155 1.8443509340286255
0.7463394290408341 0.965277373790741
0.749499470316021 0.7157726287841797
0.7530645898068753 1.208067774772644
0.756652406327368 0.7770541310310364
0.7523484841408267 0.9915293455123901
0.7601613915274926 1.2645868062973022
0.7480844754230667 0.762647271156311
0.7490583705566503 1.0399270057678223
0.7461220866346204 0.9863516092300415
0.7536304552259078 0.7420505881309509
0.7558343900121199 1.0846397876739502
0.7610220694539759 1.407505750656128
0.7599904282660379 1.0746116638183594
0.7652745616241289 1.380254864692688
0.7705209457529362 1.0646469593048096
0.7775217702058215 0.7106097340583801
0.7812242741524359 0.820083498954773
0.7867526221754882 1.6835381984710693
0.7914348566628747 0.797540009021759
0.7976442757044139 0.6721431016921997
0.8015419297678648 1.1051380634307861
0.8043606234618849 1.8017390966415405
0.8100023822810685 0.7078709602355957
0.8150987107859996 1.4088928699493408
0.8257253586659459 0.42341622710227966
0.8319370217846987 1.3217904567718506
0.8386697741477281 1.7584290504455566
0.8415012067281827 1.1295905113220215
0.8459015561452833 1.0891380310058594
0.855984225161307 0.5888578295707703
0.8561599938235811 1.0504285097122192
0.856358486831883 1.5760223865509033
0.8538367171918846 1.2172870635986328
0.8544338216392225 0.9602258205413818
0.8576724863541906 0.5853531956672668
0.8675322852805016 0.8240991234779358
0.8718002653480925 0.9754440784454346
0.8721694290124972 1.6718227863311768
0.8661343985063841 1.339462161064148
0.8701422826325486 0.40526312589645386
0.8698024603213127 1.5657716989517212
0.8686374172944636 1.4971020221710205
0.8607509228719983 0.9794586896896362
0.8613725635867452 1.0065076351165771
0.8586729295837942 2.3247427940368652
0.8585839609496586 0.7257753610610962
0.8552504709755999 0.5932832956314087
0.8464805148903288 0.9035962224006653
0.8400000388244018 1.5780670642852783
0.8360499436780157 1.0074368715286255
0.8340055762937041 0.986737847328186
0.8319643790024925 0.7239464521408081
0.8236702281884423 1.1000680923461914
0.8188351051640406 1.8415462970733643
0.8139279935725179 0.46887409687042236
0.8106958486541095 2.0531210899353027
0.8050962614650468 0.6742888689041138
0.7972334659207485 1.0928831100463867
0.7922180759083972 0.7892880439758301
0.7867084341736804 0.7927603721618652
0.7855545500498275 1.2747080326080322
0.7812159211280877 0.6109973192214966
0.7788164871707554 1.7854859828948975
0.7710555811360211 0.7401881217956543
0.765851932187939 0.8418347835540771
0.7670068563767837 1.1808483600616455
0.7709657848594842 1.5690711736679077
0.775673195280076 0.7462026476860046
0.7659415702232082 1.2816295623779297
0.7575644818766333 0.6662376523017883
0.7549843786628978 1.0283359289169312
0.7520239028115961 1.8086308240890503
0.7496601226962839 1.0776035785675049
0.7453957634464974 0.5298583507537842
0.7440759470403616 0.9214719533920288
0.7459932074925366 1.4122178554534912
0.7479766581411414 0.8762010335922241
0.7399706461482103 1.020738124847412
0.7382268388679787 0.9115291833877563
0.7310101939125058 0.7121937274932861
0.7292429443203406 1.3378418684005737
0.7265392617746157 0.8948750495910645
0.7268582166069183 1.092270851135254
0.7250082332118827 3.034876585006714
0.7241904780953633 0.5327081084251404
0.7214706117375789 0.5482038855552673
0.722432948930226 2.308222532272339
0.7196737635178645 1.187145471572876
0.7148282203305953 0.7071323990821838
0.7158184170088143 0.7807220220565796
0.7136746857812702 0.951921820640564
0.7094465718403314 0.9495120048522949
0.7044835131080112 1.9273868799209595
0.693307216772619 0.5850053429603577
0.690333437234502 0.9716359376907349
0.6880553788642361 1.0254461765289307
0.688517449425934 0.7851598858833313
0.6835830562148253 1.3121604919433594
0.6714091454128527 0.9303829073905945
0.6648116714528965 1.3022098541259766
0.6602447149966322 0.9485670924186707
0.6583575772906458 1.077141523361206
0.6543458933354821 1.3738466501235962
0.647477322710979 0.5983405709266663
0.6411880227640044 1.6056451797485352
0.6376268923720244 0.7781515717506409
0.6348780823504492 0.6342191100120544
0.6313958057835132 1.4456591606140137
0.6201474894482737 0.8474372625350952
0.6110292888855569 1.0393697023391724
0.6054658475265223 1.3056795597076416
0.6026335332322497 0.5914303064346313
0.5947294798847658 1.7532970905303955
0.5954292133621062 0.6358634233474731
0.5901272496343555 1.1030158996582031
0.5882926112913494 0.8630504012107849
0.5834519921887247 1.2089992761611938
0.5786692473218243 1.2247328758239746
0.5777221522496692 5.0
0.5725440673773635 0.21087823808193207
0.5713777554131737 0.8607410788536072
0.5669938473528628 5.0
0.5612285225013091 0.20158016681671143
0.5618391236679554 0.8342047929763794
0.5586817991809144 1.3058909177780151
0.5605506563228653 1.0044795274734497
0.5575237504142574 0.8757197856903076
0.5579538566413905 0.9829591512680054
0.550286196469617 0.8748219609260559
0.5469892729195177 0.8014205098152161
0.5440731694257476 0.9359931349754333
0.5389062109208115 1.025702953338623
0.5342504521813498 1.3186314105987549
0.5288140755208847 1.1533234119415283
0.5267290586781699 1.0257571935653687
0.5211929385131772 0.8804709315299988
0.5225174000777478 1.7598425149917603
0.5163211949939794 0.9947240352630615
0.5052307453075218 0.7239673733711243
0.5056363628428976 1.0787702798843384
0.49945194391052 0.9247098565101624
0.495215973514593 0.68141108751297
0.49282214063898205 0.7969600558280945
0.4883054248736174 1.2862470149993896
0.4887138699290367 0.6065359115600586
0.48643080801281696 2.013120174407959
0.4839156653012987 0.6920927166938782
0.4790252125556481 1.400968074798584
0.47658587396293794 0.8498697280883789
0.47920156172115963 1.0046730041503906
0.4875557571642433 0.8880129456520081
0.49832655517139207 0.8414672017097473
0.5072398903122829 0.8498631119728088
0.5149217004564853 0.7203575372695923
0.5239489539268073 1.2364988327026367
0.5323570258764323 4.939631938934326
0.5390341789571473 0.2448364496231079
0.547921473305242 0.9687139987945557
0.5557114860150031 1.1424803733825684
0.5596836428957017 0.9717050790786743
0.5656299225474138 0.8956155776977539
0.5711699675613272 1.065729022026062
0.5766459160524658 0.9191657900810242
0.5753561251964022 2.080479621887207
0.5772656075196029 0.8853357434272766
0.5751237537269825 1.0306917428970337
0.5722577343129683 0.8198346495628357
0.5691673482597115 0.912198543548584
0.5692487556806587 0.9927663803100586
0.565071692496633 1.165572166442871
0.5638822991378745 1.0291389226913452
0.5596547243613753 1.0868854522705078
0.5483310651795948 0.860321044921875
0.5399644586683304 1.42681884765625
0.5302270750122211 0.9864508509635925
0.5162279063562769 1.0338175296783447
0.5035183415338556 0.7981347441673279
0.4916257502450628 1.2420556545257568
0.4774756773910039 1.1610934734344482
0.4578791235129503 0.9683505296707153
0.4387124328179005 0.7215513586997986
0.4240530570624382 1.371425747871399
0.41372253910199613 0.9272956252098083
0.4076406152777076 0.9353371262550354
0.4032061207670427 1.0349082946777344
0.39514112501864185 1.0386724472045898
0.3985257615261602 0.8929807543754578
0.3944907394869953 1.0260125398635864
0.3906781653496933 0.9471354484558105
0.3901771128359612 1.1068689823150635
0.3767869198645103 0.9725322723388672
0.38404017977811766 1.0122871398925781
0.38251013581340987 0.31185221672058105
0.3684445386011533 0.541484534740448
0.37728822411518936 1.3400988578796387
0.3629473808749644 5.0
0.37631411893389866 0.1811864972114563
0.3826253544343377 5.0
0.373606130871809 0.6899746060371399
0.4005967010360757 0.10000000149011612
0.3879983763162029 1.0730961561203003
0.41705663852288183 1.2747108936309814
0.4014230431714222 3.0479135513305664
0.4354421915030617 0.549633264541626
0.449663093153077 5.0
0.4352883146100028 0.11250169575214386
0.48050706411456534 0.5995956659317017
0.47137680343966776 0.6988459229469299
0.511047332195367 0.8882538676261902
0.5236970342907991 4.496830940246582
0.518583785331747 0.27067381143569946
0.5578143547812335 1.04637610912323
0.5590323839671637 5.0
0.594202365654152 0.35570842027664185
0.6064558540438103 2.823072910308838
0.6223032485854434 0.6221775412559509
0.6494945378246101 0.8778494596481323
0.6585624825519577 0.7626461982727051
0.6828772312246228 2.1575372219085693
0.693665496403707 0.415376752614975
0.7121674143317546 1.150991439819336
0.728442394387519 1.5432405471801758
0.7475438227582383 1.482500672340393
0.7623018432517379 0.41798946261405945
0.7738313628362486 0.962626576423645
0.7923250786413241 0.9222254753112793
0.8071196137500346 0.9238875508308411
0.8171916427007794 1.3818778991699219
0.8253351385346454 0.7961486577987671
0.8411376404013886 1.4284803867340088
0.8541462392939415 0.19367337226867676
0.8682704590736736 4.025537014007568
0.8784398781931443 1.036423921585083
0.8938858887464429 0.9006457924842834
0.9013944546645529 1.2308834791183472
0.9112344668634857 0.7405555844306946
0.9127933317021983 2.9612693786621094
0.9124454191347564 0.2511853873729706
0.9112369784529216 1.6812608242034912
0.9132258089322739 1.257225751876831
0.9178380907872452 0.5445224046707153
0.9174392729766973 1.3631947040557861
0.9151892877978834 0.6568529605865479
0.9159155869947914 1.390323281288147
0.918293776304718 1.3147680759429932
0.9725859651465328 1.3853685855865479
0.8671882229942935 0.5184025168418884
0.9194246584141548 0.8959048390388489
0.9201267426284289 1.5498380661010742
0.9227710797375613 1.559814453125
0.9201754113211233 0.6071407198905945
0.9175342873157404 5.0
0.9168585552853811 0.19221337139606476
0.9172736026399083 1.674809455871582
0.9163342375465386 0.6140995621681213
0.9119109112736874 1.3672024011611938
0.9070693349463385 0.6511297225952148
0.9019208260152242 1.1377971172332764
0.8913013791080963 1.8425521850585938
0.8864717085164054 0.7294067144393921
0.8773388512997786 0.6487730741500854
0.8671821550285663 0.9532326459884644
0.8545622814634604 0.8305532932281494
0.8338944810945637 1.4168415069580078
0.8302769984168064 0.7055878043174744
0.787903961723758 1.5410754680633545
0.7867219201217235 0.7815008759498596
0.7677116099812442 0.8972740173339844
0.750896033349484 0.7448331713676453
0.7302597129788864 1.4987046718597412
0.7062552552724742 1.6320260763168335
0.6806668216535894 0.598214328289032
0.6537229924823009 0.8397651314735413
0.6272199662797671 1.0098997354507446
0.6016796464066164 0.6277176141738892
0.5783813503217439 0.9945887923240662
0.5521087027026621 1.4117788076400757
0.5324633813700286 0.853469967842102
0.5128821888114139 0.8930744528770447
0.49775684716536317 1.2459685802459717
0.4846115500068161 1.006076455116272
0.48153273159774046 0.6303626298904419
0.46525972585215075 1.390485405921936
0.4690894743010068 0.5764760971069336
0.46497637886241305 1.530725121498108
0.4564529127960346 0.3177527189254761
0.4502973045666582 1.4816898107528687
0.4352518379053907 0.9929323792457581
0.44066092452132183 1.2622802257537842
0.4369607077301038 0.6210219860076904
0.4229489473920224 0.909747302532196
0.43043064481980137 3.0307910442352295
0.4135370141837326 3.962569236755371
0.42100071745782397 0.10319533199071884
0.41681958639200783 0.8999511003494263
0.40194061302635536 1.49009370803833
0.41419177068114843 5.0
0.39984198128762144 0.8083187341690063
0.4058190115063561 0.1670123040676117
0.4025472896443375 5.0
0.39343252293117986 1.0687772035598755
0.39304185833065014 1.066643476486206
0.38737671277453395 1.2393271923065186
0.38463762491465614 1.0718090534210205
0.38105936873406293 1.2881510257720947
0.3841696772260775 0.6798887252807617
0.3766452309534812 1.1271121501922607
0.38653640915186066 0.5815137028694153
0.37083100477170666 4.833804130554199
0.36953766844532343 0.10000000149011612
0.3824790453083692 0.9739577770233154
0.3604247333355439 5.0
0.3807887603383233 0.10000000149011612
0.3616700525340842 0.5183514356613159
0.3859448391933546 0.7421183586120605
0.370253777293362 1.1921322345733643
0.3745079471786875 1.0055955648422241
0.39209615772156775 0.9604171514511108
0.38249271117235883 1.1391106843948364
0.3989715880861841 0.4925439655780792
0.40449605387444326 1.6546074151992798
0.4193601478443178 1.8346701860427856
0.42791497005829515 0.6464939117431641
0.44359458168468147 1.4576348066329956
0.4535949745092062 0.8780205249786377
0.4674508103533245 1.1976094245910645
0.48402789888601483 0.9491889476776123
0.504267659581701 1.449364423751831
0.5295443479067704 1.0396068096160889
0.5496330506801669 0.7984577417373657
0.5680964949724572 1.2109588384628296
0.5847187446969724 1.3794649839401245
0.6025248323513253 2.378264904022217
0.6219436402118889 4.52237606048584
0.641114341128001 0.10000000149011612
0.6565417373632774 0.8302707672119141
0.6791822712644976 1.5479764938354492
0.6948324586546119 0.7098009586334229
0.7130036210286698 1.6680437326431274
0.7313297808786527 0.7751304507255554
0.749225686225441 0.9430224895477295
0.7673132578028277 1.0035465955734253
0.7856154148182174 0.863615095615387
0.8012461247332209 1.4068853855133057
0.8169018988838289 0.8524583578109741
0.8347842730310732 0.9296312928199768
0.852666306417689 0.9548484683036804
0.8640044307756745 1.6021592617034912
0.873178440010971 0.8695716261863708
0.8759566345573355 1.049501657485962
0.881222500486671 1.04055917263031
0.8811044913652399 0.9444376230239868
0.8821057935395392 0.7975515127182007
0.8825503408304951 1.026230812072754
0.8847444857109604 1.2243049144744873
0.890585259303683 1.1547776460647583
0.8909444136650838 0.9111768007278442
0.8952541335375046 1.141863465309143
0.8961436000335131 0.600653350353241
0.8980858918394042 1.6622190475463867
0.9001220185197022 1.0847578048706055
0.8983464906287685 0.9170159697532654
0.8988292932120232 0.5123321413993835
0.8998549844419292 1.516797661781311
0.8958005989956525 0.7653765082359314
0.8936055953271569 0.8694247603416443
0.8974621935769761 0.851510763168335
0.9027372715253543 1.0876502990722656
0.898080106008909 1.0706498622894287
0.8971028231061453 0.6562631726264954
0.8980407182978825 2.2886102199554443
0.8984828025293516 0.49213850498199463
0.898347593683 2.373471736907959
0.8952631394377856 0.5564966797828674
0.9173501810671655 1.139078140258789
0.8687053953464475 0.7458493709564209
0.8890974616992198 1.2095810174942017
0.8860319038505197 1.0743331909179688
0.8827605530017901 0.4676697850227356
0.8846666694574832 1.2783716917037964
0.8808016735338386 0.8684985041618347
0.8797780304605214 2.8431220054626465
0.8793001408597724 0.9466195702552795
0.8739243065620695 0.8056039214134216
0.8796309011488699 0.28491395711898804
0.8730001479954231 5.0
0.8760546056245577 0.9253504872322083
0.879844020586024 0.6140109300613403
0.8834896000298978 2.4945311546325684
0.8877498921571368 0.9281600713729858
0.8933901378479482 0.6764673590660095
0.8969981929976443 1.297220230102539
0.8920957277691657 0.9845542907714844
0.9039115250736511 1.2475208044052124
0.9074541088611684 0.49508529901504517
0.9086182514791288 0.5449190139770508
0.9108178409078411 3.330962657928467
0.9122485324740087 0.6052588224411011
0.9243779504515508 0.883534848690033
0.9251748382662511 1.1203885078430176
0.9300044107336225 0.8200709819793701
0.9330123860378347 1.9022908210754395
0.9370226081819102 1.4015494585037231
0.9506765854910736 0.6533870697021484
0.9391079656615584 1.0980011224746704
0.950494090409837 1.4925360679626465
0.9559582248110928 0.5681810975074768
0.9573953670683856 0.5025032162666321
0.9643143776258976 1.8588565587997437
0.9639057135264902 1.1801254749298096
0.970220658510728 0.6045575737953186
0.9749463209638782 1.388372540473938
0.9790153360519788 1.1096675395965576
0.983180787152108 1.3496577739715576
1.0049747607895352 0.46764296293258667
0.9693579174876527 1.607933521270752
0.9812725509989585 0.8777188658714294
0.9814413361989567 0.9126324653625488
0.9785833893950984 0.7142965793609619
0.9770446480079639 1.2092885971069336
0.975247561125372 1.1970186233520508
0.9731967367233693 1.1761513948440552
0.9752590796070513 0.5614510774612427
0.9753167734069703 1.5424799919128418
0.9764366637324804 0.988193929195404
0.9753166439695374 1.3641999959945679
0.9743744282133054 0.6467304229736328
0.9765260488589083 1.0203914642333984
0.9738978452594423 0.770431637763977
0.9739927376120527 2.1653249263763428
0.976278666656705 0.6383589506149292
0.9742036925592125 1.1625633239746094
0.9761275750003142 1.2296013832092285
0.9733690411431775 1.1917890310287476
0.9738864265862898 1.0034637451171875
0.9780495152782431 1.2217341661453247
0.9734616691149184 0.7422299981117249
0.9760629444871839 0.8839437961578369
0.9711081933152496 1.2394797801971436
0.972691755511989 0.31129705905914307
0.9720433544343543 1.4304494857788086
0.9723172373767714 0.7551314830780029
0.9679133445200602 2.472177267074585
0.9669803702164742 0.3245040774345398
0.9678540705194133 1.7153205871582031
0.967828697051298 1.4499588012695312
0.976135877683014 0.5340703725814819
0.9704258204005128 1.9182002544403076
0.9712971453314443 0.8448611497879028
0.9697458206463131 1.0504077672958374
0.9687069911195997 0.8989290595054626
0.973862690586307 0.8733556270599365
0.9721322443891097 1.0834442377090454
0.9864833606888698 1.017848014831543
0.9499741571963968 1.3318781852722168
0.9692161622445117 1.3286266326904297
0.9759521827533421 0.7962194681167603
0.9764661725226287 0.6936986446380615
0.9828898620781498 1.1762442588806152
0.9733240525030762 1.4138590097427368
0.9748828455609375 0.7783066034317017
0.9803827773375036 0.8320636749267578
0.9841196022237274 0.9949302077293396
0.9850039315703253 1.1657302379608154
0.9815523019304726 0.9917030334472656
0.9796495841799778 1.0509867668151855
0.9786061420147463 1.2703696489334106
0.9810019810398029 1.3594563007354736
0.9901901129560937 0.5280182957649231
0.9914712199196689 2.083474636077881
0.9928041713570745 0.5892257690429688
0.9890615531548055 1.1393697261810303
0.9896924002618147 0.5613981485366821
0.9936905533962763 1.5605510473251343
0.9934641861592161 1.2963840961456299
0.9949459524336004 1.254777431488037
0.9935444338911086 0.4847349226474762
0.9950641125198881 0.9798458814620972
0.9979473072382119 1.8638485670089722
0.9996691086234498 0.44473373889923096
1.0014092077792256 1.4420928955078125
1.005670013836045 1.196587324142456
1.0053427763250748 1.2718173265457153
1.0050627964585115 0.7499126195907593
1.003333875870336 1.1905946731567383
1.0058899260858485 0.8168892860412598
1.0046678653291405 1.6145459413528442
1.0056615070812833 0.743698000907898
1.0038990543356443 1.1178436279296875
1.0032964430919669 0.8278636932373047
1.0013254380415033 1.0433138608932495
0.9963202688036609 0.7252909541130066
0.9965974489411424 1.0558488368988037
0.9912897770500847 1.1131751537322998
0.9927393088822468 1.1755074262619019
0.9867996088877417 0.8777697682380676
0.9784845147885535 1.212996006011963
0.9785748582423329 1.2576711177825928
0.9767197107891272 0.7883179187774658
0.9809262633429696 0.9234930872917175
0.9736291556753042 0.9626122713088989
0.9677409606609605 1.0754293203353882
0.9640629516795065 1.083064317703247
0.9601408441603746 1.2981147766113281
0.9604323733865928 0.6224116086959839
0.9591919714864171 2.121278762817383
0.9559959158260021 0.48655444383621216
0.9506205509266049 0.6843464374542236
0.9371802732153475 1.2980189323425293
0.9376355674786472 1.5572069883346558
0.9264952324696581 0.7498452067375183
0.9194260605094878 1.01872980594635
0.9061796075039401 1.0500181913375854
0.9021602264010541 1.0247929096221924
0.9040100764510335 0.7191735506057739
0.8786111659681988 1.09188973903656
0.8795285805754147 0.876956582069397
0.8722445121088455 0.6389527320861816
0.8623288557157313 1.494400978088379
0.8499543085366396 0.9503364562988281
0.8397608218064231 1.1825305223464966
0.8230361575921209 0.9171979427337646
0.8080421586037464 0.22794024646282196
0.7903423357640659 2.091423988342285
0.7776691238753123 1.9098747968673706
0.764579967694683 0.6668729186058044
0.7555966260015973 1.2470958232879639
0.7477230985338112 0.7095596790313721
0.7393998966871711 1.0145140886306763
0.7347319224887388 1.5154452323913574
0.7260603852442298 0.7722382545471191
0.7212722662247586 1.5109283924102783
0.7158532894588125 1.9041036367416382
0.7090903013305145 0.5196264982223511
0.7088609592183783 1.08684504032135
0.6779830451633732 0.6537700295448303
0.6794467049187891 1.0159257650375366
0.6713979713411414 0.8689048886299133
0.6613150648034561 3.83095121383667
0.6501481465643036 0.24952170252799988
0.6362138160744399 1.5321223735809326
0.6224992457224329 1.142975091934204
0.6066922570702551 0.8654909133911133
0.5912707036214454 0.6711063385009766
0.5719970737731129 1.1386911869049072
0.556014078327157 1.1562414169311523
0.5398663414624036 1.0896706581115723
0.5265046794065555 1.6904526948928833
0.5093942131591207 0.6753034591674805
0.4959900907649257 0.9079550504684448
0.48435463118050137 0.7001994848251343
0.47184835233897005 0.9456726312637329
0.45904507455477706 1.5588308572769165
0.4477326143961353 0.7469656467437744
0.4351028614029123 1.0145931243896484
0.4210645020326454 0.9771597981452942
0.40943056720523424 1.1301674842834473
0.4004518524179887 0.8303437232971191
0.3888972898195645 0.7602306604385376
0.37758237697355734 1.065321922302246
0.3624019145437785 1.1276150941848755
0.35055716111641827 0.6515474319458008
0.3420112069014113 0.8934575319290161
0.3420072616337842 1.4311403036117554
0.339388159730126 0.8173723816871643
0.3556982761822287 1.110764741897583
0.3303228965799961 0.9949035048484802
0.34157912248176336 0.8851331472396851
0.33358702595447803 1.2218140363693237
0.3330318092570136 1.257975459098816
0.3308444035388923 1.744024395942688
0.3170449205790785 0.5104767084121704
0.3282110660565947 1.1845042705535889
0.3185524925173241 1.2718607187271118
0.34139109573918575 0.974546492099762
0.3403247151207235 2.910902500152588
0.3679461196004066 1.9703481197357178
0.37851262434164323 0.10000000149011612
0.3714226224033761 0.8249037265777588
0.3935740877852659 1.0899205207824707
0.38924357850836583 0.6739698648452759
0.4154318894367651 1.6196889877319336
0.4111428109075932 2.80903959274292
0.43771488616679083 0.6263963580131531
0.44492509039724787 1.049781322479248
0.4723851083014785 0.8540055751800537
0.49561991853636844 1.5979816913604736
0.5109923945676538 1.2455607652664185
0.5230854342122331 0.4916049838066101
0.5265352147615736 4.073427200317383
0.5621783550306719 0.4740293025970459
0.5743706381188035 1.9817399978637695
0.5830643456128929 0.9891674518585205
0.6106021852646749 0.5532902479171753
0.6176135891720801 0.9257808327674866
0.641194754364831 1.1977342367172241
0.653703600354933 5.0
0.6683419655662874 0.11211670935153961
0.6875002951570427 1.3550682067871094
0.7027432522998506 1.4084419012069702
0.7177718858028871 0.6898510456085205
0.7283895097246879 1.417922019958496
0.7440205584041527 0.3337288796901703
0.7611469090011358 1.8681440353393555
0.7751391682285145 0.9364290237426758
0.786472193564402 0.9530221819877625
0.7909198268528919 1.5347604751586914
0.7987082426080336 0.8836202621459961
0.8036807523046453 1.0341871976852417
0.8107084765832996 1.3468186855316162
0.8123591960026076 0.4941774010658264
0.8111548708169017 1.0503833293914795
0.810816071603184 1.002502202987671
0.8114269486632829 0.7434715032577515
0.818141541979139 1.2612061500549316
0.8238782832973494 0.8564639091491699
0.8287076511925154 1.7335435152053833
0.8265666916226388 0.8069995641708374
0.8259188502135081 1.127086877822876
0.8253537509486283 0.9345289468765259
0.8228822606059879 0.9238556623458862
0.823652517124189 1.3202894926071167
0.8198262314417528 0.7564027905464172
0.8155677790619156 0.9931460618972778
0.8134565976387531 1.2093673944473267
0.812075606037382 1.6671411991119385
0.8072307374982659 0.43324631452560425
0.8017871974196275 1.3012895584106445
0.7940223456364534 1.0132800340652466
0.7910276574538925 0.8020097613334656
0.7827679276426706 1.0427302122116089
0.7735022069529034 1.4334803819656372
0.7584875717933682 0.8083791732788086
0.7427784222505293 1.2658239603042603
0.7230735901863521 0.627363920211792
0.7059811948409233 0.9188211560249329
0.6889422046151504 1.3607773780822754
0.6695109748241634 0.830176830291748
0.654287821568617 1.0892449617385864
0.6352945133975193 1.139359712600708
0.6095091643946144 0.7704595327377319
0.5897377934404262 1.1101256608963013
0.5672267269699186 1.5116358995437622
0.5490311092260571 0.5566949844360352
0.527758211748526 4.031400680541992
0.5070963839439173 0.324413001537323
0.48518845738641786 0.7173133492469788
0.4643592466194535 1.1783628463745117
0.45083442392523526 0.7743845582008362
0.44328174616603677 1.3156099319458008
0.43920066381096673 3.8137991428375244
0.4399322427431426 0.23032616078853607
0.4328727823656718 0.9145094156265259
0.43473864021732084 1.1452199220657349
0.4214095806813057 0.9191220998764038
0.4200152312119251 1.008439302444458
0.42067919761262595 1.2113529443740845
0.40524216732342455 1.9196892976760864
0.4158334120774839 0.5395068526268005
0.3981354110714174 1.5541104078292847
0.40884267724638346 0.35357338190078735
0.3870837849148572 1.5140559673309326
0.40424844245215413 0.711293637752533
0.3858712470682394 1.1779625415802002
0.38746008964151246 1.0316872596740723
0.3670947793935412 1.1401824951171875
0.3822666053554708 0.7789802551269531
0.38719995108599314 1.856274127960205
0.3750982822141538 0.8655418753623962
0.39768095888160504 0.7079732418060303
0.3779270384095312 1.326901912689209
0.40128543588946797 1.9907774925231934
0.38866610695687137 0.4147239625453949
0.4114103233427631 1.4635024070739746
0.4151352176724988 1.3594069480895996
0.40071225580583913 0.5277097821235657
0.4257052169283287 0.8928521871566772
0.4213345175534563 1.5741947889328003
0.4493766965586857 0.40790116786956787
0.4681968147944716 1.3854870796203613
0.46278109131840667 0.5658780336380005
0.4865237033719884 3.0077803134918213
0.49122552634849537 0.5115666389465332
0.5082068240803281 2.015169382095337
0.5224784190576676 0.5140230655670166
0.5421589866275388 0.540672242641449
0.5638890503893462 1.4862117767333984
0.5725718283132689 1.3612538576126099
0.5884398990253813 0.7793254852294922
0.5999145063556978 1.2868934869766235
0.6144642350251145 0.957359254360199
0.6365343940118243 1.0067658424377441
0.6504341124549042 1.0019431114196777
0.6715969436656192 0.8219423294067383
0.6849718028247577 1.323584794998169
0.6987284912696785 0.7623198628425598
0.71167030295566 1.2948927879333496
0.7256032450017011 0.9908461570739746
0.745026246034996 0.8726376295089722
0.7649763902402487 1.1052615642547607
0.7796656659389333 1.2491899728775024
0.7922352511249412 0.6734462976455688
0.7976511519430047 1.4330612421035767
0.8082292037534884 0.9825196266174316
0.8125563713367837 0.8833004832267761
0.8041448317933775 0.7428172826766968
0.8042359465753819 1.3774888515472412
0.8059280303606501 1.584499478340149
0.8090236461661701 0.694138765335083
0.8085942161609845 0.9949045777320862
0.8132676919840122 0.9121795892715454
0.8118179318547961 1.3566036224365234
0.816864805245643 0.8521696329116821
0.8338581158212711 1.0549339056015015
0.8118991525208018 1.0041946172714233
0.823050928159372 1.2615714073181152
0.8203112501995796 1.1073474884033203
0.8224395758722958 0.8521948456764221
0.8249670235985189 0.5475842356681824
0.8267901650140754 2.3520941734313965
0.8273090509863893 0.6475244760513306
0.8282369799405233 1.1438002586364746
0.8256773995944191 0.6524339318275452
0.8269617137449579 1.111299753189087
0.8245386016439751 1.1791980266571045
0.8238069794126522 0.7405470013618469
0.8220967850295949 1.5806140899658203
0.8191934183427012 0.7415066361427307
0.8161539316795636 1.2218607664108276
0.8152544240321546 0.7728636860847473
0.8154556995349272 1.1361093521118164
0.8112187122323999 1.1565288305282593
0.8061275897306854 0.8187634944915771
0.7989009914307283 1.317901849746704
0.7960624898988777 0.7387479543685913
0.7923283807923287 0.9644944667816162
0.7919065222133258 1.4336014986038208
0.790077298398077 0.8553473949432373
0.7854383644494274 0.9135948419570923
0.7869831542034432 1.5302066802978516
0.784710391632483 0.8631908297538757
0.7824451287476928 1.324920415878296
0.7691952304194319 0.924799919128418
0.7692313281425821 0.992406964302063
0.7677631091039722 1.0933256149291992
0.7652523344786366 0.5197896361351013
0.7649122983061553 3.125955104827881
0.7620813646461896 0.5939333438873291
0.7612589542389587 0.9145711064338684
0.758272799288622 1.018401026725769
0.7543827665157823 0.8048268556594849
0.7476241162917339 1.1151752471923828
0.7461606016193862 0.6180523037910461
0.7462169344768258 2.7394797801971436
0.755325254774396 0.8512204885482788
0.7310547708106377 0.9076324701309204
0.728190448075918 0.9276989698410034
0.7157746433061152 0.7974578142166138
0.7233965434538668 1.4063189029693604
0.7289895967680184 1.0029741525650024
0.7272117331706096 0.8382804989814758
0.7205157691154324 2.56807279586792
0.714289439286344 0.43366724252700806
0.7106090715189322 0.9805542826652527
0.7070172422961152 1.1842093467712402
0.7043317383172457 1.2654576301574707
0.6980838847337838 0.4991990923881531
0.6945755711576577 1.4133380651474
0.6936612530803598 1.0506261587142944
0.687508540904036 1.1911816596984863
0.6823175704677318 0.869049072265625
