1.11022e-16 2.22045e-16
-0.0171411 0.999632
-0.00326047 2.29286
0.0149542 3.23276
-0.0066351 4.03838
-0.0281445 5.11407
-0.120638 7.01057
-0.147853 7.64757
-0.175765 8.29347
-0.199293 8.95262
-0.217571 9.61378
0.0618495 11.2261
0.0355552 11.8865
-0.0313939 12.7409
-0.0879409 13.9121
-0.128852 14.7405
-0.162038 16.6098
-0.162038 16.6098
-0.162038 16.6098
-0.162038 16.6098
-0.162038 16.6099
-0.128759 17.6079
-0.171344 18.2321
-0.241975 19.2746
-0.281056 20.4042
-0.306555 21.1983
-0.453775 23.277
-0.486882 23.986
-0.516955 24.6994
-0.541849 25.4408
-0.57886 26.193
-0.615169 27.0601
-0.656552 28.0535
-0.66397 29.3032
-0.679228 30.0493
-0.64616 31.196
-0.672595 32.8163
-0.67266 32.8182
-0.672726 32.8202
-0.672783 32.8221
-0.672831 32.8241
-0.734644 33.9298
-0.752219 34.6612
-0.79355 35.7295
-0.8035 36.7947
-0.818474 37.1592
-0.912075 39.0246
-0.975876 39.7391
-1.04169 40.4491
-1.10075 41.1557
-1.1617 41.8588
-1.18009 42.8009
-1.25437 43.8791
-1.29689 44.7376
-1.33308 45.7829
-1.36804 46.7483
-1.42674 48.4602
-1.42675 48.4605
-1.42676 48.4607
-1.42677 48.4609
-1.42677 48.4611
-1.43626 49.463
-1.47442 50.2187
-1.50715 51.0013
-1.52619 52.1903
-1.56207 53.1465
-1.56077 58.0336
-1.59498 58.8194
-1.63127 59.5909
-1.66199 60.354
-1.69161 61.1104
-1.73057 61.951
-1.75826 63.2272
-1.79805 64.0854
-1.83924 65.1244
-1.84608 66.2919
-1.9233 68.3191
-1.92328 68.3187
-1.92328 68.3182
-1.92327 68.3178
-1.92326 68.3174
-2.02546 69.724
-1.95896 71.0108
-2.01428 71.812
-1.99181 72.9946
-2.02398 73.8789
-2.07297 75.7296
-2.30066 76.9213
-2.52646 78.1165
-2.75224 79.3186
-2.97751 80.5271
-2.97725 81.5584
-3.11862 82.4696
-3.13972 83.2595
-3.17678 84.2131
-3.19707 85.0853
-3.20836 87.1287
-3.20837 87.1289
-3.20838 87.1291
-3.2084 87.1294
-3.20841 87.1296
-3.32148 88.0912
-3.41564 88.8776
-3.46748 89.6127
-3.56415 90.64
-3.62332 91.5512
-3.83011 93.6735
-3.83059 93.6778
-3.83096 93.682
-3.83132 93.6859
-3.83166 93.6898
-4.09763 98.3
-4.19633 99.4398
-4.23098 100.427
-4.27276 101.33
-4.27631 102.09
-4.10825 104.027
-4.10839 104.025
-4.1087 104.023
-4.10903 104.021
-4.10939 104.019
-3.9638 104.858
-3.63655 105.878
-3.31395 106.887
-2.87287 107.879
-2.56742 108.602
-1.27885 110.81
-1.08316 111.274
-0.861174 111.726
-0.641069 112.164
-0.384794 112.588
-0.00775751 113.161
1.63999 114.419
2.27814 115.008
4.09957 115.748
4.67831 116.103
6.17117 117.255
6.1712 117.255
6.17124 117.255
6.17129 117.255
6.17138 117.255
6.6613 117.311
7.53926 117.62
9.56892 118.226
10.4218 118.385
11.375 118.575
13.3675 118.817
13.6596 118.831
13.9593 118.844
14.2588 118.86
14.5633 118.872
15.2839 118.868
16.7217 118.875
17.376 118.846
18.9169 118.831
19.5653 118.792
21.5259 118.675
21.7877 118.661
22.0516 118.649
22.314 118.637
22.5838 118.623
24.0115 118.592
24.6547 118.543
25.4806 118.484
26.5268 118.414
27.8649 118.38
29.4426 118.259
31.7364 118.338
33.923 118.392
36.1346 118.386
38.351 118.377
39.3272 118.307
39.8699 118.279
41.0076 118.196
42.2204 118.09
43.3314 118.009
45.0186 117.892
45.0189 117.892
45.0193 117.892
45.0196 117.892
45.0199 117.892
46.0812 117.816
47.4929 117.747
47.9756 117.69
48.592 117.647
50.1739 117.547
51.5042 117.432
52.9505 117.326
54.8771 117.265
55.3159 117.234
55.3159 117.234
55.7381 117.208
60.7283 116.9
61.5506 116.839
62.8041 116.746
63.7278 116.69
65.7095 116.518
66.3563 116.464
66.959 116.397
67.5738 116.344
68.1709 116.29
68.9362 116.244
69.5451 116.194
70.7479 116.124
71.4536 116.07
72.4149 115.988
74.1837 115.855
74.1838 115.855
74.1838 115.855
74.1838 115.855
74.1838 115.855
75.1045 115.795
75.6445 115.754
77.017 115.629
77.9298 115.488
78.7563 115.411
80.7788 115.132
80.7788 115.132
80.7788 115.132
80.7788 115.132
80.7788 115.132
83.0438 115.04
83.273 115.002
84.4606 114.826
85.3877 114.684
86.2046 114.557
87.7808 114.317
88.9417 114.065
89.8005 113.607
90.8952 113.16
92.0139 112.671
92.4198 112.615
93.1552 112.507
94.2199 112.355
95.2113 112.219
96.0826 112.096
97.8401 111.849
97.8401 111.849
97.8401 111.849
97.8401 111.849
97.8402 111.849
98.529 111.77
103.472 111.024
104.236 110.912
105.211 110.789
106.411 110.625
108.265 110.316
108.473 110.282
108.673 110.249
108.884 110.217
109.094 110.185
109.956 110.028
110.767 109.902
111.944 109.712
113.314 109.53
114.224 109.355
115.926 109.085
116.686 108.964
117.438 108.845
118.195 108.726
118.961 108.607
120.483 108.385
121.291 108.258
122.14 108.095
123.237 107.94
124.467 107.668
126.081 107.477
126.942 107.35
127.765 107.232
128.53 107.13
129.297 107.011
130.436 106.746
131.076 106.656
132.087 106.476
132.871 106.391
133.719 106.265
135.539 106.051
135.548 106.05
135.557 106.048
135.565 106.047
135.574 106.046
136.488 105.957
137.687 105.69
138.192 105.633
139.32 105.511
140.251 105.396
142.074 105.17
142.505 105.101
142.935 105.032
143.367 104.962
143.803 104.892
144.475 104.756
145.695 104.568
146.704 104.431
147.718 104.231
148.598 104.043
150.72 103.758
151.42 103.61
152.08 103.477
152.77 103.349
153.445 103.215
154.717 102.942
155.644 102.775
156.723 102.552
157.343 102.427
159.194 102.048
161.34 101.624
161.698 101.544
162.051 101.455
162.404 101.371
162.751 101.284
164.011 100.912
164.811 100.715
166.138 100.375
166.842 100.147
168.174 99.6154
169.869 99.0481
169.869 99.048
169.869 99.048
169.869 99.0479
169.869 99.0479
171.08 98.5539
171.72 98.3305
172.903 97.8919
173.534 97.6731
174.764 97.1796
176.195 96.6541
176.215 96.6476
176.234 96.6411
176.254 96.6349
176.273 96.6288
176.804 96.4447
181.574 94.9576
182.464 94.7082
183.451 94.444
184.194 94.2232
185.826 93.7296
186.039 93.6713
186.247 93.6156
186.45 93.5573
186.654 93.5013
187.507 93.3126
188.471 93.0599
189.452 92.8626
190.341 92.6628
191.356 92.4397
193.302 92.0932
193.313 92.0915
193.324 92.0901
193.335 92.0889
193.345 92.0881
194.51 92.1054
195.462 92.1037
196.342 92.1089
196.983 92.1078
198.708 92.1449
200.558 92.0941
201.043 92.0805
201.522 92.0486
201.974 92.006
202.409 91.9538
202.672 91.9209
207.626 91.2607
208.429 91.1217
209.341 90.9637
210.04 90.8068
211.563 90.4588
212.496 90.2376
213.432 90.0299
214.304 89.7823
215.182 89.5383
216.088 89.2801
216.552 89.1421
217.422 88.8559
218.416 88.5681
219.32 88.3203
221.172 87.7818
221.173 87.7815
221.175 87.7812
221.176 87.7809
221.177 87.7806
221.727 87.618
222.746 87.319
223.71 87.0257
224.598 86.72
225.542 86.3606
227.375 85.8378
227.375 85.8378
227.375 85.8378
227.375 85.8378
227.375 85.8378
227.752 85.7154
229.148 85.3028
230.445 84.7915
231.538 84.3624
232.232 84.1455
234.364 83.337
234.457 83.2998
234.55 83.2634
234.644 83.227
234.736 83.1914
235.738 82.851
236.773 82.5766
237.631 82.2681
238.435 82.0171
239.411 81.7214
241.16 81.0721
241.16 81.0721
241.16 81.0721
241.16 81.0721
241.16 81.0721
242.056 80.8362
242.567 80.7674
243.846 80.464
244.885 80.2113
245.86 79.9955
247.857 79.7395
247.861 79.7395
247.864 79.7392
247.867 79.7391
247.871 79.7391
248.935 79.8654
250.157 80.028
251.287 80.1558
252.157 80.2804
252.701 80.4156
254.864 80.953
254.864 80.9531
254.864 80.9531
254.864 80.9531
254.864 80.9531
255.902 81.5888
256.289 81.8296
257.63 82.7913
258.015 83.1072
258.092 83.1715
259.378 84.4895
259.479 84.6021
259.575 84.7198
259.669 84.8408
259.753 84.9668
260.319 85.8115
260.759 86.7494
261.17 87.586
261.628 88.4816
262.117 89.4302
262.836 91.1541
262.98 91.5823
263.127 92.0246
263.274 92.4805
263.425 92.9495
263.835 94.0451
264.094 95.0321
264.276 95.8299
264.572 96.7921
264.737 97.4688
265.318 99.9656
265.318 99.9657
265.318 99.9657
265.318 99.9657
265.318 99.9658
265.481 100.603
265.787 101.742
266.003 102.699
266.249 103.828
266.501 104.712
266.958 106.379
267.022 106.645
267.103 106.925
267.194 107.221
267.268 107.491
267.465 108.414
267.766 109.954
267.826 110.247
268.005 110.983
268.208 111.86
268.682 113.701
268.817 114.217
268.952 114.68
269.063 115.13
269.184 115.6
269.331 116.17
269.521 117.022
269.66 117.9
269.865 118.814
270.11 119.808
270.876 123.48
270.878 123.489
270.88 123.498
270.882 123.506
270.884 123.515
271.141 124.597
271.38 125.589
271.512 126.279
271.745 127.402
271.892 128.347
272.337 130.559
272.337 130.559
272.337 130.559
272.337 130.559
272.337 130.559
272.463 131.296
272.603 131.971
272.876 133.232
272.978 134.056
273.189 135.052
273.314 136.148
273.342 136.94
273.374 137.675
273.426 138.403
273.461 139.115
273.572 140.122
273.825 141.169
273.905 141.79
273.896 143.231
273.907 143.752
273.884 145.506
273.884 145.506
273.884 145.506
273.884 145.507
273.884 145.507
273.842 145.792
273.731 146.636
272.918 148.802
272.461 149.934
271.805 150.942
269.122 154.616
269.122 154.616
269.121 154.617
261.213 161.713
242.136 178.263
241.719 178.747
240.969 179.535
240.362 180.048
239.608 180.507
238.901 180.934
237.07 181.9
237.068 181.901
237.066 181.9
237.064 181.901
237.062 181.902
236.204 181.967
235.36 182.021
234.457 182.08
233.823 182.087
233.266 182.063
231.466 182.044
229.849 182.406
229.489 182.363
228.988 182.355
228.662 182.233
227.86 182.088
226.132 181.812
225.698 181.666
223.996 181.2
222.091 180.76
220.199 180.293
219.555 180.109
218.894 179.899
218.218 179.668
217.521 179.434
216.449 179.086
215.295 178.667
214.192 178.296
213.496 178.086
212.053 177.565
210.238 176.957
209.612 176.731
208.974 176.5
208.33 176.267
207.689 176.028
206.677 175.723
205.96 175.56
204.996 175.345
204.248 175.155
203.086 174.894
201.16 174.559
200.952 174.528
200.744 174.497
200.542 174.468
200.338 174.439
199.463 174.257
198.416 174.047
197.491 173.91
196.37 173.721
195.472 173.583
193.786 173.29
193.784 173.29
193.782 173.289
193.779 173.289
193.777 173.289
192.97 173.168
191.729 173.015
190.718 172.865
189.777 172.713
188.141 172.522
183.599 171.883
182.771 171.76
181.948 171.635
181.119 171.513
180.305 171.389
179.067 171.2
178.387 171.099
177.102 170.899
176.103 170.791
175.422 170.687
172.538 170.324
172.538 170.324
172.537 170.324
172.537 170.324
172.537 170.324
171.039 170.054
170.352 169.978
169.6 169.885
168.511 169.731
167.907 169.649
165.6 169.341
164.951 169.227
164.325 169.104
163.671 169.013
163.008 168.919
162.197 168.825
161.418 168.746
160.365 168.619
159.27 168.496
157.524 168.331
156.011 168.143
156.002 168.141
155.991 168.14
155.981 168.139
155.971 168.138
155.07 168.064
154.213 167.991
153.406 167.871
152.534 167.748
151.233 167.618
149.577 167.341
149.251 167.278
148.929 167.214
148.607 167.155
148.277 167.098
147.269 166.93
146.621 166.81
145.433 166.605
144.402 166.405
143.331 166.157
141.828 165.93
141.828 165.93
141.828 165.93
141.828 165.93
141.828 165.93
140.803 165.744
139.736 165.547
138.806 165.39
137.555 165.149
136.792 165.051
134.963 164.704
134.987 164.708
135.009 164.712
135.032 164.717
135.055 164.721
134.081 164.554
133.105 164.36
132.308 164.219
131.58 164.113
130.186 163.82
128.101 163.412
127.465 163.314
126.209 163.076
123.122 162.562
123.122 162.562
121.552 162.294
120.561 162.118
119.625 161.956
118.286 161.731
117.408 161.601
115.835 161.378
115.835 161.378
115.835 161.378
115.835 161.378
115.835 161.378
114.857 161.231
113.833 161.014
112.882 160.809
111.959 160.727
110.894 160.587
109.148 160.35
109.146 160.35
109.145 160.35
109.144 160.35
109.142 160.35
108.204 160.2
107.192 160.046
106.168 159.904
105.255 159.745
104.237 159.595
102.459 159.335
102.075 159.287
101.688 159.244
101.308 159.203
100.934 159.153
99.8308 158.946
98.7994 158.791
97.7767 158.605
96.8467 158.439
96.0553 158.3
94.1093 157.962
94.1059 157.961
94.1026 157.96
94.0992 157.96
94.096 157.959
93.1004 157.793
91.8854 157.585
91.0935 157.447
90.0741 157.241
88.9097 156.979
87.0828 156.652
87.0775 156.651
87.0723 156.65
87.0671 156.649
87.0616 156.647
86.0553 156.462
85.2487 156.293
84.4195 156.113
83.2762 155.851
82.5121 155.703
80.5856 155.254
79.8987 155.115
79.2156 154.983
78.5496 154.853
77.8876 154.723
77.3862 154.628
76.3768 154.401
75.405 154.225
74.5286 154.041
73.3662 153.8
71.2027 153.3
71.2027 153.3
71.2027 153.3
71.2027 153.3
71.2027 153.3
70.1227 153.064
69.5339 152.89
68.2956 152.593
67.2645 152.395
66.4713 152.221
64.5454 151.789
64.5453 151.789
64.5452 151.789
64.5451 151.789
64.545 151.789
63.2539 151.506
62.5652 151.352
61.8711 151.165
61.1233 151.004
60.0501 150.772
58.3686 150.361
58.3686 150.361
58.3686 150.361
58.3686 150.361
58.3686 150.361
57.5072 150.159
56.4924 149.962
55.137 149.722
54.1143 149.609
53.1557 149.435
51.3682 149.058
50.7701 148.944
50.1775 148.835
49.5976 148.729
49.0202 148.63
48.0994 148.482
47.2871 148.341
46.305 148.149
45.4219 147.966
44.4587 147.794
42.7554 147.517
42.7054 147.509
42.6565 147.502
42.6083 147.496
42.5613 147.49
41.6376 147.439
40.6315 147.385
39.6872 147.4
38.8052 147.381
37.8747 147.302
36.2757 147.282
35.4898 147.33
34.7244 147.367
33.9783 147.411
33.2659 147.469
31.951 147.761
31.4838 147.846
30.64 147.93
29.6349 148.154
29.0135 148.274
25.4004 149.844
25.3986 149.845
25.3969 149.846
25.3952 149.847
25.3936 149.848
24.7269 150.161
23.3609 150.847
22.9407 151.032
18.8084 153.752
17.6191 154.707
15.0319 156.965
15.0319 156.965
15.0319 156.965
15.0319 156.965
15.0319 156.965
14.4456 157.748
14.1445 158.232
13.7923 158.849
13.3743 159.574
12.9198 160.379
12.104 162.212
12.0019 162.516
12.0019 162.518
11.9404 162.701
11.8892 162.872
11.8035 163.263
11.5665 164.33
11.5482 164.776
11.2749 166.64
11.0065 167.609
10.8164 169.248
10.8055 169.328
10.8011 169.402
10.7934 169.482
10.7849 169.562
10.7394 171.38
10.6534 171.819
10.9193 173.824
10.7913 174.374
10.7538 175.281
10.4793 176.914
10.4761 176.938
10.4728 176.961
10.4696 176.985
10.4663 177.009
10.293 178.065
10.1562 178.966
9.9919 179.955
9.8075 180.977
9.65446 181.964
9.41398 183.671
9.37747 183.929
9.34142 184.182
9.30688 184.431
9.26768 184.686
9.11554 186.041
9.03246 186.529
8.90868 187.258
8.75195 188.424
8.6941 189.048
8.42657 190.854
8.42645 190.855
8.42633 190.856
8.42622 190.856
8.42612 190.857
8.42193 193.253
8.37396 194.123
8.31405 194.536
8.08993 195.953
7.97094 196.666
7.7414 198.558
7.74103 198.56
7.74069 198.562
7.74031 198.564
7.73995 198.566
7.60112 199.455
7.43641 200.561
7.55998 201.642
5.81253 202.932
5.74009 203.384
0.633164 203.686
0.616208 203.829
-1.98754 205.261
-2.02831 205.714
-2.02831 205.714
-2.03807 206.796
-2.04919 207.374
-2.11386 208.606
-2.21617 210.585
-2.26655 211.086
-1.8236 212.828
-1.82347 212.829
-1.82327 212.829
-1.82309 212.829
-1.8229 212.83
-1.45303 213.749
-1.00349 214.66
-0.6178 215.476
-0.148235 216.385
0.251787 217.123
1.61259 218.996
1.61526 218.999
1.61809 219.002
1.62103 219.005
1.6239 219.008
2.21401 219.564
2.76137 220.079
3.87393 220.776
4.65013 221.228
5.30091 221.573
7.1395 222.533
7.64697 222.908
8.23913 223.137
8.85863 223.373
9.10673 223.533
10.4711 223.537
12.497 223.863
13.9555 224.121
14.8477 224.244
15.8323 224.369
17.8114 224.531
18.2123 224.538
18.6239 224.548
19.0625 224.561
19.5098 224.554
20.3663 224.542
21.4198 224.499
22.7958 224.428
23.398 224.392
24.7921 224.274
26.4429 224.159
27.2365 224.118
28.0657 224.106
28.8766 224.067
29.6742 224.012
31.5481 223.819
32.4686 223.766
33.6084 223.725
33.9905 223.701
35.0214 223.632
37.3023 223.501
37.3023 223.501
37.3024 223.501
37.3024 223.501
37.3024 223.501
38.2791 223.446
39.4605 223.415
40.426 223.392
41.437 223.353
42.3956 223.325
44.2328 223.266
44.2328 223.266
44.2328 223.266
44.2328 223.266
44.2328 223.266
44.8524 223.221
46.0062 223.174
47.421 223.128
48.2809 223.095
49.1111 223.065
51.2064 222.983
51.2069 222.983
51.2075 222.983
51.208 222.983
51.2085 222.983
52.2984 222.918
53.2144 222.865
54.6292 222.741
55.5588 222.707
56.4189 222.658
58.4817 222.544
59.0743 222.506
59.6575 222.457
60.2365 222.419
60.8141 222.378
61.3902 222.333
62.4805 222.242
63.4877 222.171
64.902 222.062
66.0205 221.997
68.1779 221.827
68.1834 221.827
68.1887 221.827
68.1939 221.827
68.1992 221.827
69.2426 221.727
70.5271 221.622
71.4517 221.545
72.6405 221.459
73.4211 221.408
77.5517 221.163
77.8686 221.139
77.8686 221.139
77.8686 221.139
78.1746 221.116
79.1296 221.048
79.8309 220.994
81.1021 220.907
82.1486 220.873
82.921 220.816
83.8747 220.738
85.8249 220.666
86.4134 220.602
87.5527 220.519
