1.11022e-16 2.22045e-16
0.0326637 0.999435
0.927341 3.11572
0.85791 3.63661
0.67542 4.7774
0.895561 6.11319
0.738665 6.9541
0.833059 7.67563
0.716171 8.53133
0.883825 9.52766
-0.0849632 11.1748
-0.115244 11.9504
-0.141192 12.3577
-0.108732 14.711
-0.198685 15.3941
-0.295941 16.3481
-0.403342 17.4152
-0.627239 18.9677
-0.757869 19.9135
-0.85495 20.6155
-0.975833 21.6849
-0.882246 22.9849
-0.894642 23.7441
-1.00637 24.9296
-0.760318 26.2704
-0.796744 27.3605
-0.796981 28.5013
-0.818471 29.3072
-0.858822 30.2455
-0.967196 31.5216
-1.00325 32.3291
-1.24467 33.8547
-1.20927 34.9607
-1.30249 35.7819
-1.35596 36.7141
-1.1651 38.2117
-1.24829 39.0712
-1.3021 39.8826
-0.847045 42.016
-0.859377 42.3488
-0.941166 43.5701
-1.07055 45.2759
-0.905764 46.9944
-0.913016 47.8558
-0.975332 48.6576
-1.08873 49.3109
-1.14358 50.1634
-1.28416 51.1001
-1.31449 51.7571
-1.37994 53.1043
-1.35854 54.1553
-1.50439 55.3133
-1.50815 55.9397
-1.65586 57.2187
-1.68497 57.9967
-1.78074 59.1527
-1.96245 60.3481
-1.99342 61.0367
-2.02761 62.0011
-2.0386 62.898
-2.09582 64.1484
-2.08824 65.3879
-2.10784 66.3374
-2.14518 67.2911
-2.27271 68.3461
-2.29606 69.2462
-2.08521 70.6633
-2.1383 71.2861
-2.26078 72.3045
-2.29762 73.0831
-2.41845 74.1934
-2.47748 75.0996
-2.49863 75.8621
-2.58045 76.9293
-2.65349 77.9377
-2.59287 79.1355
-2.725 80.2727
-2.7115 80.8371
-2.61584 82.4206
-2.72075 83.3395
-2.82657 84.2607
-2.82863 85.4313
-2.80028 86.6267
-2.85806 87.3454
-2.9356 88.4967
-2.81874 89.9867
-2.83036 90.5738
-2.84479 91.8485
-2.84881 92.6929
-2.857 93.1605
-2.88021 93.7081
-2.92597 95.6793
-3.02916 96.6132
-3.3775 98.0904
-3.45712 98.8092
-3.49508 99.5663
-3.73378 101.035
-3.93493 102.127
-3.96843 102.757
-3.99169 103.891
-4.111 104.771
-4.28023 105.877
-4.45093 106.911
-4.56148 107.741
-4.71702 108.754
-4.70322 109.886
-4.89423 110.734
-4.97555 111.851
-5.07952 112.649
-5.254 113.643
-5.40468 114.699
-5.41443 115.25
-5.65156 116.455
-5.91849 118.12
-5.9423 118.578
-6.0163 119.604
-6.01842 120.563
-6.09282 121.609
-5.97442 123.06
-6.00381 123.724
-5.91111 124.499
-5.53366 126.293
-4.48587 128.157
-4.33775 128.554
-2.5597 130.873
-2.32379 131.317
-2.2173 131.592
-0.502129 134.044
-0.341619 134.389
0.467024 135.754
1.2662 137.063
1.85325 138.086
2.54222 139.081
3.38049 140.045
3.90898 140.509
4.86269 143.476
5.18288 143.727
5.85285 144.151
7.0113 145.051
7.37395 145.218
8.03506 145.461
9.0547 145.819
10.6328 146.529
11.1322 146.648
12.12 146.818
13.1747 146.993
14.1908 147.146
15.7911 147.376
16.3356 147.408
17.4383 147.314
18.5435 147.335
19.729 147.19
20.6924 147.217
22.0546 147.181
22.5921 147.186
23.5503 147.118
24.8542 147.121
26.1402 146.932
26.8409 146.918
28.1377 146.814
29.5241 146.881
30.6921 146.972
31.4194 146.874
32.2441 146.862
33.9809 147.001
34.4362 147
36.0368 147.02
36.6624 146.991
37.7001 146.893
38.8441 146.818
39.9424 146.746
41.0796 146.647
42.3219 146.542
43.3608 146.546
44.0618 146.473
45.0818 146.434
47.0665 146.483
47.7806 146.421
48.501 146.384
49.7528 146.269
50.3764 146.265
51.9563 146.147
53.206 146.101
54.0775 146.071
55.0549 146.038
56.2714 146.011
57.0773 145.979
58.1389 145.887
58.9924 145.798
59.9699 145.731
61.2801 145.695
62.4149 145.479
63.8615 145.489
64.6536 145.403
65.8603 145.363
67.0976 145.386
67.655 145.344
68.1898 145.302
69.9003 145.063
71.8521 145.162
72.3967 145.105
73.2785 145.019
75.2466 144.958
75.9281 144.92
76.9265 144.803
77.7186 144.739
78.848 144.603
80.3533 144.52
80.7727 144.503
82.5263 144.461
83.4727 144.391
84.1081 144.373
85.1395 144.3
86.5999 144.183
87.5587 144.104
88.2332 144.062
89.7641 143.921
90.8203 143.821
93.6102 143.712
94.0155 143.65
95.5448 143.467
96.499 143.385
97.6245 143.285
99.0661 143.102
99.7125 143.025
100.633 142.887
101.558 142.775
102.532 142.646
104.363 142.405
105.32 142.271
106.028 142.168
107.231 142.041
108.003 141.956
108.985 141.819
110.24 141.655
110.999 141.588
112.03 141.463
113.014 141.34
113.755 141.244
114.817 141.026
116.217 140.893
117.29 140.81
118.662 140.655
119.724 140.588
120.416 140.439
121.22 140.293
122.904 140.215
123.687 140.072
124.339 139.926
125.425 139.729
127.212 139.503
127.918 139.399
129.318 139.245
129.733 139.166
131.038 138.976
132.779 138.726
133.896 138.569
134.98 138.453
135.559 138.351
136.605 138.264
138.139 137.898
139.305 137.547
140.265 137.549
140.847 137.509
141.664 137.424
142.629 137.328
144.285 137.112
145.624 137.058
146.023 136.991
147.566 136.764
149.065 136.633
150.041 136.549
151.005 136.269
153.325 136.208
154.042 136.102
154.628 136.026
155.52 135.9
157.063 135.584
158.059 135.44
159.015 135.201
159.726 135.063
160.803 134.87
162.623 134.59
163.082 134.515
164.98 133.758
165.646 133.659
166.722 133.482
167.5 133.364
168.281 133.238
169.522 132.958
170.106 132.808
171.874 132.57
172.581 132.375
173.384 132.163
174.531 131.916
176.098 131.761
176.82 131.589
178.064 131.299
178.715 131.167
179.724 130.981
181.472 130.53
182.525 130.308
183.023 130.155
183.912 129.955
185.289 129.66
186.125 129.421
187.092 129.142
187.986 128.979
188.676 128.825
189.975 128.552
190.839 128.344
191.9 128.096
194.387 126.339
194.877 126.145
195.401 126.003
197.569 125.211
198.669 124.77
199.345 124.567
200.082 124.318
200.972 123.999
201.874 123.712
203.633 122.927
204.188 122.748
205.121 122.49
206.094 122.187
206.842 121.965
208.097 121.559
208.972 121.256
210.182 120.78
211.047 120.401
212.07 120.058
213.387 119.671
213.972 119.525
215.521 119.1
216.21 118.762
216.814 118.575
218.219 118.254
219.037 118.04
220.048 117.809
221.279 117.389
221.838 117.204
223.557 116.875
224.17 116.724
225.226 116.436
226.039 116.179
227.209 115.882
228.396 115.595
231.191 119.338
231.399 119.305
232.229 119.094
234.929 123.303
235.124 123.256
235.92 123.054
237.182 122.754
238.163 122.587
239.008 122.392
239.958 122.191
240.795 121.957
241.561 121.743
242.451 121.479
243.421 121.167
244.651 120.71
245.727 120.298
246.691 119.965
247.43 119.495
249.072 118.868
250.006 118.557
250.64 118.217
251.629 117.812
252.43 117.36
253.006 117.009
253.681 116.596
254.876 116.137
255.369 115.791
257.261 115.115
257.914 114.884
259.242 114.449
260.01 114.096
260.958 113.776
261.751 113.39
262.512 113.042
263.273 112.665
263.834 112.231
264.881 111.593
269.302 113.748
269.513 113.628
270.343 113.141
271.345 112.612
272.11 112.025
272.829 111.497
273.75 110.983
274.487 110.447
276.302 109.443
276.997 108.905
277.834 108.323
278.416 107.75
279.121 107.173
279.984 106.698
280.975 106.094
281.897 105.654
282.851 105.139
283.479 104.567
284.758 103.946
285.63 103.502
286.561 103.067
287.221 102.621
288.29 102.002
289.267 101.44
289.976 100.825
290.541 100.385
291.866 100.064
292.688 99.6557
293.526 99.258
294.474 98.8609
295.398 98.4137
296.213 98.0513
297.202 97.8441
298.107 97.6322
299.149 97.266
300.059 96.9483
301.017 96.6557
301.324 96.634
301.853 96.5473
303.153 96.5102
307.856 94.9331
308.036 94.9206
310.68 90.7951
311.175 90.3182
311.269 90.347
312.265 90.704
313.481 91.0669
316.485 91.5144
317.009 91.68
321.278 89.0927
321.381 89.1363
321.856 89.5
322.432 89.8895
323.162 90.374
327.26 91.8888
327.47 92.0559
328.23 92.772
332.886 94.574
333.154 94.8072
335.766 95.816
336.259 96.195
336.879 96.8192
337.357 97.4031
338.93 98.8793
339.143 99.235
339.772 100.195
340.803 101.341
341.836 102.387
342.046 102.749
342.532 103.579
343.004 104.37
343.459 105.172
344.172 106.355
344.56 107.049
345.203 108.328
345.308 108.49
347.021 112.131
347.568 113.011
348.02 113.79
348.604 114.879
349.005 115.501
350.932 117.72
351.065 117.933
351.951 119.365
352.607 120.438
352.876 120.91
353.47 122.136
353.761 122.724
354.351 123.982
355.089 125.065
355.781 126.261
355.992 126.734
356.459 127.498
357.235 128.837
358.142 130.094
358.406 130.641
362.808 132.883
362.909 133.046
363.712 134.516
364.049 135.027
364.748 136.197
365.061 136.767
365.608 137.763
366.61 139.306
367.01 139.913
367.282 140.502
367.731 141.341
368.112 142.08
368.819 143.307
369.147 143.931
369.951 145.245
370.311 145.939
370.674 146.761
371.016 147.423
371.746 148.727
372.321 150.252
372.568 150.798
372.944 151.548
373.325 152.482
373.534 153.074
373.93 153.985
374.423 155.307
374.713 156.111
375.057 156.934
375.606 158.051
376.104 158.924
376.343 159.506
376.964 160.747
377.158 161.289
377.582 162.753
377.661 163.06
378.033 164.493
378.348 165.435
378.79 166.616
379.031 167.188
379.269 168.066
380.084 170.984
378.649 174.677
378.673 174.777
378.961 175.632
379.484 177.027
377.422 181.537
377.134 182.293
377.121 182.459
375.423 187.162
375.004 188.146
374.556 189.114
373.936 190.175
373.429 191.112
372.83 192.237
372.461 192.799
371.931 193.784
371.598 194.246
371.596 199.074
371.518 199.136
370.77 199.741
371.922 204.564
371.833 204.605
371.354 204.79
370.675 205.058
369.543 205.365
368.588 205.617
367.663 205.806
366.574 206.011
366.093 206.068
364.503 206.415
362.715 206.558
362.086 206.657
360.705 207.004
359.852 207.171
358.709 207.45
357.812 207.733
356.415 208.002
355.448 208.311
354.667 208.417
353.467 208.354
352.114 208.455
349.795 208.155
350.514 212.234
350.416 212.237
349.6 212.08
348.081 212.155
347.38 212.058
345.759 212.265
344.989 212.26
344.056 212.246
343.065 212.264
342.208 212.235
340.811 212.092
339.967 212.126
339.047 212.166
338.101 212.226
336.512 212.203
335.651 212.2
334.617 212.217
333.584 212.28
332.651 212.364
331.862 212.427
330.846 212.406
329.633 212.429
328.5 212.583
327.6 212.668
326.469 212.736
325.874 212.79
324.225 212.865
323.158 212.979
322.264 213.123
321.754 213.16
320.268 213.394
319.513 213.456
318.66 213.589
317.818 213.683
316.737 213.719
315.673 213.763
315.027 213.831
312.752 213.797
312.265 213.85
309.937 214.168
309.394 214.278
308.26 214.264
307.514 214.306
306.325 214.474
305.275 214.624
304.813 214.679
303.556 214.846
302.7 214.972
299.927 215.395
298.985 215.423
298.199 215.564
297.917 215.584
293.013 216.289
292.103 216.398
291.496 216.461
289.013 216.322
288.092 216.38
287.425 216.454
286.147 216.562
285.175 216.669
283.946 216.819
283.457 216.884
282.917 216.954
279.793 218.03
279.196 218.109
278.316 218.135
277.213 218.294
276.402 218.399
274.517 218.54
273.155 218.795
272.519 218.922
271.436 219.072
269.964 219.157
269.411 219.264
268.915 219.325
267.078 219.433
265.91 219.507
265.315 219.586
263.935 219.656
262.839 219.798
261.514 219.934
261.048 219.932
259.454 219.993
258.584 220.073
257.684 220.173
256.975 220.228
255.778 220.357
254.591 220.462
253.429 220.634
252.87 220.658
251.337 220.738
250.362 220.862
249.009 220.962
248.367 221.019
247.352 221.069
246.583 221.09
244.427 220.954
243.793 221.016
242.637 221.139
241.411 221.093
240.226 221.145
239.238 221.28
238.044 221.44
237.322 221.578
236.447 221.671
235.216 221.736
234.906 221.744
233.492 221.902
232.741 221.957
230.33 222.396
230.007 222.404
228.3 222.48
226.861 222.565
226.331 222.602
224.444 222.861
223.606 222.91
222.579 223.081
221.693 223.182
220.829 223.289
219.758 223.4
218.747 223.484
217.44 223.647
216.122 223.55
215.347 223.713
214.656 223.761
213.481 223.811
212.1 224.069
211.331 224.155
210.51 224.25
209.524 224.349
208.366 224.407
207.375 224.444
206.335 224.535
205.078 224.67
203.722 224.67
203.198 224.714
201.124 224.79
200.539 224.839
199.408 224.828
198.848 224.847
197.315 225.086
196.037 225.25
194.791 225.335
194.307 225.364
193.334 225.484
191.515 225.771
191.073 225.803
189.635 225.956
188.442 225.942
187.188 226.091
186.442 226.141
185.257 226.103
184.44 226.121
182.837 225.983
182.101 226.052
180.986 226.087
180.16 226.086
179.124 226.134
178.403 226.099
177.354 226.16
176.238 226.154
175.066 226.163
174.192 226.144
172.987 226.193
171.734 226.094
170.948 226.075
170.027 226.085
169.068 226.096
168.001 226.171
166.927 226.259
165.633 226.118
165.014 226.142
162.923 225.866
162.438 225.854
161.756 225.865
160.463 225.839
158.918 225.754
158.172 225.788
157.162 225.866
156.116 225.816
155.097 225.82
154.377 225.778
153.29 225.794
152.417 225.813
151.782 225.819
150.291 225.714
149.342 225.728
148.165 225.744
147.26 225.813
147.033 225.818
144.956 225.636
143.059 225.53
142.397 225.5
141.15 225.459
140.447 225.376
139.439 225.424
137.925 225.55
137.155 225.502
135.647 225.387
133.873 224.728
133.359 224.766
132.288 224.626
131.638 224.565
130.631 224.443
129.763 224.421
126.259 222.857
126.012 222.828
124.51 223.062
123.374 222.972
122.528 223.151
121.862 223.195
120.723 223.271
119.572 223.26
118.49 223.28
116.892 222.735
116.25 222.943
115.554 223.528
114.87 223.665
113.942 223.839
112.56 224.54
111.865 224.816
110.876 224.971
109.932 225.182
108.887 225.562
108.089 225.693
107.408 226.033
106.399 226.328
105.406 226.858
104.804 227.106
103.966 227.4
102.64 227.912
101.858 228.134
100.829 228.552
99.8861 228.871
99.0804 229.235
98.0191 229.834
96.8445 230.261
95.1534 230.666
94.7012 230.902
93.9215 231.773
92.8387 232.426
92.0839 233.04
89.2537 233.318
87.3416 232.844
87.2964 232.933
86.9569 233.687
86.4646 234.66
86.3907 235.331
85.6432 236.769
84.2907 239.217
83.9821 239.762
83.7535 240.785
83.5734 241.62
83.0607 243.136
82.5307 244.258
82.3993 244.732
80.5822 248.377
80.4948 248.843
78.6497 249.494
78.7988 250.472
78.8293 251.024
78.7619 251.947
78.6706 253.142
73.7804 253.87
73.773 253.982
73.6722 255.335
74.0026 256.704
73.9538 257.393
74.1036 258.803
74.1172 259.137
74.0711 261.01
74.1126 261.945
74.2259 262.892
73.984 264.408
74.0112 265.291
73.9944 266.326
74.1305 267.668
74.1109 268.162
74.0789 269.211
74.0175 270.212
74.0247 270.956
74.0459 272.219
74.0121 273.078
73.7929 274.797
73.7429 275.602
73.768 276.728
73.8453 277.66
73.8885 278.587
73.9305 279.906
73.8849 280.661
73.8642 281.654
73.9254 282.862
74.0385 284.527
74.049 284.961
74.0114 286.261
73.8575 287.262
73.7757 288.06
73.7556 289.102
73.8545 290.524
73.8465 291.332
74.018 292.586
74.0048 293.214
73.9749 294.132
73.9249 295.49
73.8514 296.316
73.7363 297.399
73.3912 298.487
73.3521 299.256
73.3369 300.364
73.1589 301.853
73.0537 302.399
74.9595 305.935
74.8912 306.252
74.7877 306.963
74.5573 308.119
74.565 308.893
74.332 310.192
77.0222 312.876
77.0753 313.1
76.9165 314.001
76.8935 315.146
76.8606 316.067
76.9418 317.073
76.7486 318.268
77.9233 319.775
78.1497 320.265
79.6334 320.716
79.7484 321.049
80.4084 322.41
80.6771 323.066
81.3901 324.002
81.9309 324.879
82.6142 325.79
83.1455 326.358
84.1145 327.941
84.6959 328.58
85.2441 329.034
86.2136 329.936
87.4942 331.456
87.8161 331.712
88.9391 332.639
90.0278 333.463
90.5084 333.659
91.3533 333.924
92.6617 334.787
93.0309 334.956
94.2786 335.542
94.8077 335.722
97.5773 336.866
98.0796 336.933
100.009 337.301
100.515 337.358
101.046 337.44
102.521 337.555
103.867 337.664
104.641 337.687
105.912 337.58
106.863 337.551
107.864 337.581
108.858 337.59
109.676 337.56
110.993 337.555
111.749 337.534
113.035 337.53
114.018 337.486
114.875 337.336
115.972 337.278
117.212 337.268
117.881 337.232
119.302 337.234
120.276 337.121
121.147 337.014
121.876 336.925
123.242 336.876
124.824 336.867
125.513 336.838
126.497 336.779
127.401 336.732
128.743 336.585
129.587 336.581
130.635 336.548
131.631 336.525
132.879 336.474
133.981 336.476
134.825 336.434
135.368 336.418
137.701 336.29
138.34 336.246
139.48 336.193
140.126 336.158
141.218 336.086
142.377 335.977
143.111 335.917
144.69 335.87
145.429 335.828
146.639 335.803
147.407 335.804
148.527 335.693
149.677 335.639
150.49 335.592
151.797 335.479
152.528 335.437
153.484 335.374
154.906 335.281
155.758 335.241
156.668 335.215
158.176 335.033
159.031 334.968
160.341 334.86
161.261 334.822
162.245 334.749
163.323 334.597
163.838 334.566
166.956 334.69
167.546 334.649
168.447 334.568
169.455 334.528
170.25 334.486
171.353 334.381
171.962 334.295
174.69 334.305
175.539 334.26
176.444 334.244
177.369 334.285
178.162 334.259
179.558 334.205
180.558 334.159
181.384 334.107
183.866 333.56
184.296 333.547
185.261 333.452
186.426 333.432
187.668 333.274
188.162 333.285
189.549 333.217
190.591 333.216
191.774 333.207
192.635 333.175
