0.565447 1
0.562402 2.31268
0.562011 0.525519
0.5624 1.15542
0.565 1.35819
0.574523 0.857788
0.579643 0.72782
0.587422 0.865088
0.594862 1.01093
0.601521 1.91522
0.613211 0.776196
0.626247 0.408188
0.648548 2.35399
0.665045 0.689135
0.676849 0.959124
0.684183 1.07382
0.692314 1.56893
0.710876 0.955131
0.734367 0.708839
0.760424 1.07626
0.776641 1.30335
0.788975 0.759351
0.803767 1.19082
0.821388 1.36423
0.833039 1.09133
0.846407 1.14098
0.860066 0.806301
0.881807 0.93919
0.901215 1.2807
0.920437 0.808946
0.934757 1.54538
0.953432 1.10756
0.97197 0.826425
0.976368 0.933852
0.983171 1.51033
0.988005 0.863847
1.00171 0.813503
1.00788 2.18341
1.01489 0.333059
1.02158 1.22433
1.02911 1.71251
1.0366 1.72657
1.04762 0.861647
1.0556 0.804716
1.0635 0.66319
1.06335 0.854596
1.07201 0.94715
1.07565 0.657839
1.07712 1.34898
1.07811 1.05183
1.07618 1.16739
1.07484 0.626371
1.06568 1.28755
1.06275 0.778769
1.07339 1.16017
1.07917 1.20908
1.07718 0.689707
1.07657 0.965292
1.07925 0.89774
1.07087 1.2518
1.07376 1.24033
1.07455 0.950329
1.06693 0.955552
1.0722 1.06263
1.07169 0.901126
1.08689 1.43848
1.08587 0.625155
1.08326 1.02576
1.0793 0.779588
1.07806 1.1169
1.07944 0.908342
1.08182 0.763263
1.08508 1.07085
1.09249 1.01135
1.08896 1.20009
1.0857 1.14489
1.08787 0.56475
1.08409 1.58726
1.08421 0.924931
1.08009 0.927344
1.07474 1.17221
1.06962 1.19592
1.06922 0.721119
1.0658 1.15394
1.07145 1.49737
1.06651 0.587877
1.0615 1.27552
1.05542 0.84449
1.04781 0.467923
1.03962 0.548302
1.02563 1.97245
1.01154 0.940243
0.994416 1.5194
0.972842 0.723206
0.953811 0.758106
0.931404 1.48854
0.906557 1.11058
0.885831 0.630742
0.862623 1.13661
0.840084 0.888806
0.815312 1.1185
0.787128 1.04852
0.761232 0.836822
0.728648 1.02606
0.699411 1.1318
0.666545 0.871869
0.638728 1.12171
0.607369 0.806709
0.585379 1.00957
0.564508 1.06813
0.539791 0.551814
0.517941 1.22903
0.494971 1.68695
0.474419 0.460391
0.451073 1.02928
0.432219 0.95896
0.421579 1.05115
0.412924 1.459
0.402521 0.665235
0.401532 0.783704
0.388503 1.83613
0.388769 2.13789
0.37607 0.424479
0.380488 2.9779
0.365505 0.503819
0.368796 0.294568
0.365003 2.99424
0.35403 0.382308
0.360766 1.5871
0.345644 1.5336
0.351582 1.18117
0.339898 1.21043
0.351821 1.2783
0.345618 0.703401
0.359996 3.14299
0.362372 0.407554
0.357764 0.793355
0.37508 1.46811
0.369365 0.399378
0.380813 0.70417
0.380343 1.08211
0.388991 1.73081
0.392223 0.513524
0.392995 1.00487
0.409603 1.06913
0.419557 1.031
0.435721 1.6187
0.445187 0.545453
0.465939 1.11481
0.484775 1.11144
0.500221 1.20283
0.520626 0.963809
0.535857 1.36316
0.554252 0.540453
0.573126 0.962635
0.592429 1.30776
0.618495 1.3005
0.643495 0.70096
0.65739 1.30194
0.676671 1.38803
0.688983 1.17203
0.710309 0.734971
0.723267 0.82532
0.739018 1.74299
0.756431 0.455821
0.765927 1.60096
0.777549 0.626531
0.780624 1.04293
0.786938 1.14698
0.798461 1.10136
0.806728 1.14267
0.816865 1.24703
0.818133 1.03936
0.822332 0.705424
0.831375 1.02206
0.838906 1.98629
0.841932 0.718129
0.844363 0.721694
0.845488 1.2605
0.838595 0.624438
0.831646 1.58475
0.821709 1.25228
0.823437 0.872564
0.832373 0.979802
0.831999 1.21801
0.822201 0.806933
0.813454 1.06676
0.812768 0.858842
0.80657 0.980135
0.804761 1.31337
0.800536 1.15716
0.796778 1.44672
0.795118 0.79673
0.791122 1.20905
0.783787 1.23753
0.781779 0.559885
0.772199 0.536812
0.773932 1.73052
0.768851 1.95446
0.761304 0.547621
0.750529 0.886182
0.734259 1.97071
0.715625 0.683444
0.705947 1.00542
0.701544 0.795635
0.698238 1.13853
0.695649 1.50995
0.695621 0.42009
0.689436 1.75574
0.686295 0.950133
0.684931 0.636046
0.676279 1.03478
0.673956 1.46668
0.670373 0.963542
0.666725 0.676184
0.661556 1.53763
0.663547 1.0623
0.671661 2.79284
0.674411 0.410537
0.679717 1.54043
0.683197 0.957686
0.691437 1.13075
0.700699 1.45337
0.713769 0.651676
0.727632 0.933637
0.729465 0.933672
0.732821 0.982181
0.738081 1.84725
0.746339 0.966448
0.749499 0.715773
0.753065 1.21373
0.756652 0.778543
0.752348 0.991709
0.760161 1.26708
0.748084 0.762937
0.749058 1.03993
0.746122 0.992407
0.75363 0.748358
0.755834 1.08464
0.761022 1.40751
0.75999 1.07682
0.765275 1.38025
0.770521 1.06478
0.777522 0.71061
0.781224 0.820455
0.786753 1.68665
0.791435 0.79754
0.797644 0.672143
0.801542 1.10514
0.804361 1.80174
0.810002 0.713266
0.815099 1.40891
0.825725 0.423416
0.831937 1.32296
0.83867 1.76021
0.841501 1.12959
0.845902 1.09026
0.855984 0.589267
0.85616 1.05557
0.856358 1.57668
0.853837 1.21794
0.854434 0.960843
0.857672 0.585353
0.867532 0.824099
0.8718 0.975444
0.872169 1.67225
0.866134 1.33968
0.870142 0.405263
0.869802 1.56577
0.868637 1.50551
0.860751 0.981535
0.861373 1.00888
0.858673 2.32474
0.858584 0.725775
0.85525 0.593283
0.846481 0.903596
0.84 1.58172
0.83605 1.00744
0.834006 0.986765
0.831964 0.724535
0.82367 1.10007
0.818835 1.84155
0.813928 0.468874
0.810696 2.05312
0.805096 0.674376
0.797233 1.09293
0.792218 0.789288
0.786708 0.795347
0.785555 1.27476
0.781216 0.610997
0.778816 1.78549
0.771056 0.742761
0.765852 0.842464
0.767007 1.18331
0.770966 1.57689
0.775673 0.748659
0.765942 1.28163
0.757564 0.666238
0.754984 1.02834
0.752024 1.80863
0.74966 1.0778
0.745396 0.529986
0.744076 0.921472
0.745993 1.41222
0.747977 0.876201
0.739971 1.02074
0.738227 0.912284
0.73101 0.712708
0.729243 1.33784
0.726539 0.894875
0.726858 1.09356
0.725008 3.04576
0.72419 0.532708
0.721471 0.548369
0.722433 2.31539
0.719674 1.18847
0.714828 0.707149
0.715818 0.781709
0.713675 0.951922
0.709447 0.949512
0.704484 1.92739
0.693307 0.585005
0.690333 0.971636
0.688055 1.02545
0.688517 0.785263
0.683583 1.32225
0.671409 0.930383
0.664812 1.30355
0.660245 0.948567
0.658358 1.08345
0.654346 1.37385
0.647477 0.603922
0.641188 1.60593
0.637627 0.778152
0.634878 0.634219
0.631396 1.44566
0.620147 0.847437
0.611029 1.04081
0.605466 1.30568
0.602634 0.59143
0.594729 1.7533
0.595429 0.635863
0.590127 1.1041
0.588293 0.86305
0.583452 1.209
0.578669 1.22473
0.577722 5
0.572544 0.210878
0.571378 0.860741
0.566994 5
0.561229 0.20158
0.561839 0.834714
0.558682 1.30589
0.560551 1.00909
0.557524 0.876304
0.557954 0.982959
0.550286 0.874822
0.546989 0.801421
0.544073 0.935993
0.538906 1.0257
0.53425 1.32212
0.528814 1.15607
0.526729 1.02576
0.521193 0.880471
0.522517 1.76768
0.516321 0.995163
0.505231 0.723967
0.505636 1.07877
0.499452 0.926037
0.495216 0.68145
0.492822 0.79696
0.488305 1.28627
0.488714 0.609277
0.486431 2.01312
0.483916 0.697033
0.479025 1.40518
0.476586 0.850908
0.479202 1.00474
0.487556 0.888013
0.498327 0.841467
0.50724 0.85278
0.514922 0.720474
0.523949 1.2391
0.532357 4.9439
0.539034 0.244876
0.547921 0.9691
0.555711 1.14327
0.559684 0.973727
0.56563 0.896818
0.57117 1.06573
0.576646 0.919166
0.575356 2.08803
0.577266 0.885336
0.575124 1.03069
0.572258 0.819835
0.569167 0.915843
0.569249 0.993503
0.565072 1.17085
0.563882 1.02922
0.559655 1.08932
0.548331 0.860321
0.539964 1.43007
0.530227 0.986451
0.516228 1.0339
0.503518 0.798583
0.491626 1.24383
0.477476 1.16117
0.457879 0.968498
0.438712 0.72202
0.424053 1.37143
0.413723 0.928545
0.407641 0.93543
0.403206 1.03604
0.395141 1.03868
0.398526 0.892981
0.394491 1.02601
0.390678 0.947135
0.390177 1.11135
0.376787 0.973246
0.38404 1.01349
0.38251 0.31264
0.368445 0.541485
0.377288 1.34157
0.362947 5
0.376314 0.181612
0.382625 5
0.373606 0.689975
0.400597 0.1
0.387998 1.0731
0.417057 1.27471
0.401423 3.05075
0.435442 0.549633
0.449663 5
0.435288 0.112502
0.480507 0.599596
0.471377 0.698846
0.511047 0.88869
0.523697 4.49683
0.518584 0.270712
0.557814 1.04729
0.559032 5
0.594202 0.356287
0.606456 2.82307
0.622303 0.622595
0.649495 0.879561
0.658562 0.762646
0.682877 2.15754
0.693665 0.415377
0.712167 1.15134
0.728442 1.54558
0.747544 1.4825
0.762302 0.417989
0.773831 0.963972
0.792325 0.92256
0.80712 0.923888
0.817192 1.38188
0.825335 0.796149
0.841138 1.43364
0.854146 0.193673
0.86827 4.02554
0.87844 1.03642
0.893886 0.900862
0.901394 1.23561
0.911234 0.741933
0.912793 2.96127
0.912445 0.251185
0.911237 1.68418
0.913226 1.25829
0.917838 0.544751
0.917439 1.36319
0.915189 0.656853
0.915916 1.39032
0.918294 1.31514
0.972586 1.38728
0.867188 0.518403
0.919425 0.895905
0.920127 1.55262
0.922771 1.55981
0.920175 0.608562
0.917534 5
0.916859 0.192213
0.917274 1.67481
0.916334 0.614699
0.911911 1.3672
0.907069 0.65113
0.901921 1.13799
0.891301 1.84276
0.886472 0.729524
0.877339 0.648773
0.867182 0.953456
0.854562 0.832322
0.833894 1.41684
0.830277 0.705588
0.787904 1.54108
0.786722 0.783572
0.767712 0.899691
0.750896 0.744833
0.73026 1.4987
0.706255 1.63203
0.680667 0.600321
0.653723 0.839765
0.62722 1.0099
0.60168 0.627718
0.578381 0.995065
0.552109 1.41329
0.532463 0.854675
0.512882 0.893075
0.497757 1.24597
0.484612 1.00608
0.481533 0.630363
0.46526 1.39049
0.469089 0.576476
0.464976 1.53073
0.456453 0.317753
0.450297 1.48169
0.435252 0.992932
0.440661 1.26228
0.436961 0.621022
0.422949 0.909747
0.430431 3.03079
0.413537 3.96257
0.421001 0.103195
0.41682 0.902463
0.401941 1.49066
0.414192 5
0.399842 0.808845
0.405819 0.167071
0.402547 5
0.393433 1.07202
0.393042 1.07044
0.387377 1.23933
0.384638 1.07181
0.381059 1.28815
0.38417 0.682582
0.376645 1.12711
0.386536 0.585342
0.370831 4.84801
0.369538 0.1
0.382479 0.97438
0.360425 5
0.380789 0.1
0.36167 0.518351
0.385945 0.742118
0.370254 1.19213
0.374508 1.0056
0.392096 0.960417
0.382493 1.13911
0.398972 0.492544
0.404496 1.65461
0.41936 1.83467
0.427915 0.646494
0.443595 1.45862
0.453595 0.878471
0.467451 1.20007
0.484028 0.949189
0.504268 1.45033
0.529544 1.0403
0.549633 0.798855
0.568096 1.21096
0.584719 1.37946
0.602525 2.37827
0.621944 4.52929
0.641114 0.1
0.656542 0.832733
0.679182 1.54798
0.694832 0.709801
0.713004 1.66804
0.73133 0.77513
0.749226 0.943993
0.767313 1.00355
0.785615 0.863616
0.801246 1.40837
0.816902 0.852459
0.834784 0.929631
0.852666 0.955199
0.864004 1.60216
0.873178 0.869572
0.875957 1.0495
0.881223 1.0416
0.881104 0.944438
0.882106 0.797732
0.88255 1.02659
0.884744 1.2243
0.890585 1.15478
0.890944 0.911177
0.895254 1.14186
0.896144 0.600654
0.898086 1.6637
0.900122 1.08622
0.898346 0.917016
0.898829 0.513547
0.899855 1.5168
0.895801 0.765376
0.893606 0.869425
0.897462 0.853402
0.902737 1.08885
0.89808 1.07107
0.897103 0.656263
0.898041 2.28861
0.898483 0.494164
0.898348 2.37579
0.895263 0.556497
0.91735 1.14147
0.868705 0.750475
0.889097 1.20958
0.886032 1.0749
0.882761 0.46767
0.884667 1.27837
0.880802 0.868499
0.879778 2.84312
0.8793 0.94662
0.873924 0.805604
0.879631 0.284914
0.873 5
0.876055 0.925756
0.879844 0.614011
0.88349 2.49453
0.88775 0.92816
0.89339 0.676467
0.896998 1.29722
0.892096 0.985643
0.903912 1.24752
0.907454 0.495847
0.908618 0.545853
0.910818 3.33404
0.912249 0.605435
0.924378 0.883535
0.925175 1.12199
0.930004 0.822606
0.933012 1.90243
0.937023 1.40155
0.950677 0.653387
0.939108 1.09953
0.950494 1.49261
0.955958 0.568181
0.957395 0.502503
0.964314 1.85886
0.963906 1.18013
0.970221 0.604704
0.974946 1.38837
0.979015 1.11132
0.983181 1.34987
1.00497 0.468522
0.969358 1.6084
0.981273 0.878989
0.981441 0.912773
0.978583 0.715303
0.977045 1.21133
0.975248 1.19702
0.973197 1.17615
0.975259 0.562198
0.975317 1.54559
0.976437 0.989304
0.975317 1.3642
0.974374 0.64673
0.976526 1.02114
0.973898 0.772867
0.973993 2.16532
0.976279 0.639549
0.974204 1.16712
0.976128 1.2296
0.973369 1.19179
0.973886 1.00434
0.97805 1.22173
0.973462 0.74223
0.976063 0.884927
0.971108 1.24073
0.972692 0.311297
0.972043 1.43045
0.972317 0.755132
0.967913 2.47218
0.96698 0.324504
0.967854 1.71532
0.967829 1.45343
0.976136 0.53407
0.970426 1.9182
0.971297 0.844861
0.969746 1.05041
0.968707 0.898929
0.973863 0.873686
0.972132 1.08344
0.986483 1.0182
0.949974 1.33188
0.969216 1.32863
0.975952 0.796339
0.976466 0.695562
0.98289 1.18189
0.973324 1.41386
0.974883 0.778307
0.980383 0.832064
0.98412 0.995673
0.985004 1.16573
0.981552 0.991842
0.97965 1.05099
0.978606 1.27037
0.981002 1.35946
0.99019 0.528018
0.991471 2.08347
0.992804 0.589226
0.989062 1.13937
0.989692 0.561398
0.993691 1.56055
0.993464 1.29648
0.994946 1.25478
0.993544 0.484735
0.995064 0.98552
0.997947 1.86385
0.999669 0.445151
1.00141 1.45048
1.00567 1.19659
1.00534 1.27182
1.00506 0.75177
1.00333 1.19156
1.00589 0.819833
1.00467 1.61455
1.00566 0.743698
1.0039 1.12237
1.0033 0.827864
1.00133 1.04331
0.99632 0.725291
0.996597 1.05585
0.99129 1.11914
0.992739 1.17551
0.9868 0.87777
0.978485 1.21402
0.978575 1.25962
0.97672 0.789696
0.980926 0.925564
0.973629 0.963069
0.967741 1.07617
0.964063 1.08571
0.960141 1.30277
0.960432 0.624631
0.959192 2.12128
0.955996 0.487071
0.950621 0.685857
0.93718 1.29808
0.937636 1.55721
0.926495 0.749845
0.919426 1.01873
0.90618 1.05002
0.90216 1.02479
0.90401 0.722389
0.878611 1.09189
0.879529 0.876957
0.872245 0.640011
0.862329 1.50059
0.849954 0.953865
0.839761 1.18482
0.823036 0.917198
0.808042 0.22794
0.790342 2.09142
0.777669 1.90987
0.76458 0.666873
0.755597 1.25342
0.747723 0.70956
0.7394 1.01451
0.734732 1.52578
0.72606 0.77236
0.721272 1.51333
0.715853 1.9041
0.70909 0.519626
0.708861 1.08684
0.677983 0.65377
0.679447 1.01617
0.671398 0.870937
0.661315 3.83689
0.650148 0.249653
0.636214 1.53212
0.622499 1.14298
0.606692 0.869074
0.591271 0.672235
0.571997 1.14732
0.556014 1.15715
0.539866 1.09091
0.526505 1.69045
0.509394 0.676202
0.49599 0.908924
0.484355 0.701574
0.471848 0.945672
0.459045 1.55883
0.447733 0.748114
0.435103 1.01487
0.421065 0.97716
0.409431 1.13017
0.400452 0.830344
0.388897 0.76187
0.377582 1.06532
0.362402 1.12762
0.350557 0.651547
0.342011 0.893458
0.342007 1.43114
0.339388 0.817919
0.355698 1.11151
0.330323 0.9955
0.341579 0.885173
0.333587 1.22181
0.333032 1.25798
0.330844 1.74445
0.317045 0.510887
0.328211 1.1845
0.318552 1.27293
0.341391 0.974546
0.340325 2.91293
0.367946 1.97212
0.378513 0.1
0.371423 0.826633
0.393574 1.09137
0.389244 0.674376
0.415432 1.62093
0.411143 2.81071
0.437715 0.626397
0.444925 1.04978
0.472385 0.854066
0.49562 1.60009
0.510992 1.24556
0.523085 0.491605
0.526535 4.07343
0.562178 0.474029
0.574371 1.98174
0.583064 0.989167
0.610602 0.55329
0.617614 0.925781
0.641195 1.19773
0.653704 5
0.668342 0.112141
0.6875 1.35698
0.702743 1.40844
0.717772 0.690943
0.72839 1.41822
0.744021 0.333954
0.761147 1.87311
0.775139 0.937079
0.786472 0.953022
0.79092 1.53525
0.798708 0.883923
0.803681 1.03513
0.810708 1.3495
0.812359 0.494177
0.811155 1.05038
0.810816 1.00348
0.811427 0.743642
0.818142 1.26353
0.823878 0.859866
0.828708 1.73354
0.826567 0.807
0.825919 1.12709
0.825354 0.934529
0.822882 0.928238
0.823653 1.32029
0.819826 0.756403
0.815568 0.993475
0.813457 1.20937
0.812076 1.66954
0.807231 0.433594
0.801787 1.30129
0.794022 1.01328
0.791028 0.802009
0.782768 1.04273
0.773502 1.43348
0.758488 0.808472
0.742778 1.26582
0.723074 0.627441
0.705981 0.918822
0.688942 1.36078
0.669511 0.830177
0.654288 1.08924
0.635295 1.14105
0.609509 0.770459
0.589738 1.11013
0.567227 1.51164
0.549031 0.556883
0.527758 4.03741
0.507096 0.324434
0.485188 0.71919
0.464359 1.18001
0.450834 0.774385
0.443282 1.32051
0.439201 3.82352
0.439932 0.230326
0.432873 0.914662
0.434739 1.14522
0.42141 0.922385
0.420015 1.00946
0.420679 1.21135
0.405242 1.91969
0.415833 0.539507
0.398135 1.55411
0.408843 0.353883
0.387084 1.51406
0.404248 0.711294
0.385871 1.17796
0.38746 1.03169
0.367095 1.14018
0.382267 0.77898
0.3872 1.85895
0.375098 0.865542
0.397681 0.712924
0.377927 1.328
0.401285 1.99078
0.388666 0.414724
0.41141 1.46413
0.415135 1.36786
0.400712 0.52771
0.425705 0.892852
0.421335 1.57419
0.449377 0.408016
0.468197 1.38676
0.462781 0.565878
0.486524 3.00778
0.491226 0.5118
0.508207 2.01517
0.522478 0.514023
0.542159 0.540672
0.563889 1.48621
0.572572 1.36125
0.58844 0.779681
0.599915 1.28689
0.614464 0.95736
0.636534 1.00677
0.650434 1.00194
0.671597 0.821942
0.684972 1.32661
0.698728 0.764601
0.71167 1.29489
0.725603 0.990846
0.745026 0.872638
0.764976 1.10656
0.779666 1.25018
0.792235 0.673979
0.797651 1.43353
0.808229 0.987185
0.812556 0.883301
0.804145 0.742817
0.804236 1.3775
0.805928 1.58764
0.809024 0.694738
0.808594 0.995155
0.813268 0.912525
0.811818 1.36275
0.816865 0.85217
0.833858 1.05493
0.811899 1.00419
0.823051 1.26157
0.820311 1.10735
0.82244 0.852195
0.824967 0.547584
0.82679 2.35209
0.827309 0.647524
0.828237 1.14887
0.825677 0.652434
0.826962 1.11131
0.824539 1.17925
0.823807 0.740547
0.822097 1.58785
0.819193 0.746127
0.816154 1.22186
0.815254 0.772864
0.815456 1.13701
0.811219 1.15653
0.806128 0.819193
0.798901 1.31805
0.796062 0.738972
0.792328 0.964494
0.791907 1.4336
0.790077 0.857037
0.785438 0.914821
0.786983 1.53122
0.78471 0.863861
0.782445 1.32492
0.769195 0.92516
0.769231 0.992626
0.767763 1.09398
0.765252 0.51979
0.764912 3.13061
0.762081 0.595359
0.761259 0.914571
0.758273 1.0184
0.754383 0.804827
0.747624 1.1162
0.746161 0.619285
0.746217 2.73948
0.755325 0.854768
0.731055 0.909923
0.72819 0.928893
0.715775 0.797509
0.723397 1.40632
0.72899 1.00663
0.727212 0.838281
0.720516 2.56972
0.714289 0.434233
0.710609 0.980564
0.707017 1.18481
0.704332 1.26707
0.698084 0.499199
0.694576 1.41334
0.693661 1.05063
0.687509 1.19118
0.682318 0.869049
