1.110223e-16 2.220446e-16
0.003499723 0.5653511
0.02603925483126352 0.6625806062125827
-0.10091182734690635 1.3457613738227594
-0.014870181304330585 2.436912439639012
-0.07460692089565236 3.1697699212396024
-0.23324068483015975 4.29072276809927
-0.12948443964234602 5.191541876267349
-0.05049560628505956 6.33236387650067
-0.023482544490461107 7.66755090069631
0.16630734508521597 8.82060308543258
0.06128860191978121 9.33994376727698
-0.06674754029619222 10.247893639908645
-0.15178723687197826 11.98403587818426
-0.009071568727554158 12.822647561814124
-0.11818190091657232 13.53541896633164
0.05698121575776857 15.49540618938943
0.00841037069531636 16.18156223575577
0.08440565346138393 17.622207344684668
0.026631027607814668 18.260634500202038
-0.00731362298825157 19.308310665888122
-0.19767172981966652 20.65395350219917
-0.013900670718145353 22.334314748934975
-0.0637280694290412 22.89157703029007
-0.16436083661151607 23.903294352354134
-0.21996829072862792 24.867823622392006
0.33292025467791764 27.796202952780554
0.47225811245477445 28.576990582286733
0.3842795578697236 29.29059736453075
0.5719301593168589 30.985163549020733
0.46338384890903167 31.686690752280395
0.49056405480425164 32.86487437203546
0.3694034051846728 33.75980294180309
0.3267155136883266 34.890150292682584
0.25757507967771487 35.715709198100924
0.11794585608077074 36.593481647895146
0.08565006165278333 37.39581972051709
0.02513901890460566 38.386952331573156
-0.21248867131447172 42.36107662333262
-0.244247210569774 42.646834470022334
-0.4388835549427409 43.97435096945826
-0.48147956107784784 44.99807208065598
-0.6004074698000287 45.899872702117946
-0.8962837544620768 47.53315279991561
-0.9714875684289171 48.270796616243814
-1.3097115942265398 49.871073237532336
-1.3170228071867145 50.7489111622712
-1.3393115949494725 51.74969296997743
-1.4033174919606832 52.51746120478707
-1.4410953838786422 53.40266589688454
-1.495322849899022 54.83483857622634
-1.4736928930805357 55.43071016478205
-1.51269810005166 56.873144445505645
-1.6275740639050869 57.75309181253392
-1.7678603589919528 58.864184521637014
-1.9166175386693076 59.93390120240579
-1.9537815256448832 60.7694806333695
-2.205459499807143 62.17668393283148
-2.2864994642526275 62.80249124704953
-2.314138366518193 63.83419158859719
-2.3586493292984243 64.7014833944806
-2.433356324078897 65.91498147417818
-2.4775471822397868 66.91501988384996
-2.4885711023383785 67.71613960360821
-2.621003400775206 68.92070984439343
-2.6622084375672146 70.22698308690933
-2.656918110008589 70.79641135985881
-2.731969421605914 71.88263909370353
-2.804025306996234 72.92215356071792
-2.920740849417237 74.03697936245615
-3.1099911102298856 75.35489082494698
-3.1122958805136456 76.35802438816789
-3.1223584793035055 77.10603599322135
-3.1718729437520325 78.27648856978665
-3.181457502638338 79.34463477605259
-3.2212172991183867 80.28856996752238
-3.2359271086832404 80.98129935377382
-3.23811288527849 82.2024013234357
-3.341109195337204 83.14805929047789
-3.0101461163169416 84.66604114745616
-3.0939220187165266 85.1432710584757
-3.2075414700588056 86.48451455634324
-3.3572498984615002 87.68844514051432
-3.3673549414608837 88.64750477442273
-3.458432498031259 89.49503322458443
-3.5453530657633543 90.73145041918534
-3.5949873616480152 91.5069576547794
-3.6866004705586546 92.21020247384763
-3.880340515172901 93.38040205928824
-3.9231562613387947 93.65505860618097
-4.256925797134198 97.12304957755039
-4.416511614730085 98.64988736553278
-4.4692857629480685 99.73609338080145
-4.661845320993642 101.11313919317851
-4.762631214546239 101.77321355349845
-4.910963027684209 102.56346848152815
-5.165104500593799 104.38258466550096
-5.239174712656802 104.93869542985958
-5.310832545411106 106.00791180592871
-5.408784766625218 107.01754006419112
-5.520794956335313 107.95261697173946
-5.641059469414773 108.92864176291481
-5.683911026025347 110.02735179467423
-5.732069721895487 110.90328016910375
-5.822048345924285 111.9842230008689
-6.067905272401913 113.01642950969335
-6.123833084297381 113.88232619598092
-6.2044758057297855 114.8599292557189
-6.272642980879671 115.74807765413857
-6.4061506806737 116.67870097061395
-6.480493204250958 117.63594026562859
-6.617188097454023 118.53105477434521
-6.874318773738808 119.64467862612008
-6.887776096802123 120.45683883805415
-7.057890312454157 121.75280824224711
-7.085419132809191 122.39899528766998
-7.119952156533479 123.48052479072298
-6.9281916864241575 125.01849801563829
-7.039604283242463 125.66427617593116
-2.251043095859502 127.09584896126377
-2.247207660713789 127.19577518747853
-2.10814909735302 128.60789454304592
0.2062638006031703 132.30757173641751
0.2338161562191538 132.48713148170094
0.350291971594744 133.2979231308452
0.4559268985757218 133.84531081244884
0.6998464622263476 134.82569644283078
1.1045832926253618 136.01444777862196
1.777713884596106 137.1566364701959
2.7029577851672504 138.2079307327288
3.1515140270915967 138.9513718682892
3.6036456151443907 139.72961165227903
4.218056810096298 140.53485517829714
4.839625676047175 141.83735420461647
5.1034444849984375 142.07137337478844
5.978687761645125 142.9217470458612
6.680640866464756 143.59308749390752
7.819513292682643 144.24912898360674
8.590575417924665 144.7390862972226
10.054583096601307 145.60064623534717
10.887491467697947 146.04015350037585
11.572290634181996 146.3286180709998
12.576593750006705 146.7254270785505
13.714146802437778 147.23204474103727
15.541155416578203 148.05593976313185
16.538861859558363 148.2211484683651
17.09094725950191 148.34114938104463
19.7633351627125 149.13710124966533
20.277197339495064 149.1713559942017
21.331935612777695 149.35225597100478
22.237728578716297 149.4544764699216
23.322935725098148 149.46804384370137
24.416067318348023 149.42931352451433
25.58246425556228 149.55891475541236
26.496138738577464 149.63837329513706
27.72981687742504 149.64940809224822
28.765304263041447 149.71566342117433
30.436498598547825 149.6725657705068
31.126456976942485 149.70963477500587
32.43799408749594 149.84974671376858
33.24896850065294 149.88696531411662
35.295945749672256 150.02724802556378
36.813478523967355 149.24113289014946
37.482326363285935 149.32074569770225
38.407789087874114 149.48670717177853
39.235756412621136 149.56670468455803
40.07055252691568 149.56880956782686
41.25356857189036 149.66427107830393
45.08543965923972 152.45235265326068
45.27260983637389 152.45692032316867
46.45249725653889 152.48126287065537
47.4444240685693 152.50014749682563
48.72492082144252 152.57868384662964
49.686642428399864 152.66006752075322
51.25620920995327 152.87809532780926
51.78284095120773 152.88010197140363
52.97864164574874 152.96724185830888
54.728942382146016 153.18371784068668
55.120696688285605 153.19425057227713
56.602591792068814 153.24054610219034
57.52227807701834 153.28133936660848
58.51705866382298 153.36720269532344
59.745312082674225 157.81161218295912
59.844198654187124 157.80662351063043
61.00065302315335 157.77970817124577
61.87953513931869 157.74297331638653
62.70944810536385 157.68712145935174
63.42127173504894 157.63186012907636
64.55791735534454 157.57083947062856
65.9457233718271 157.43064196666276
66.84460352845032 157.3248368071557
69.23947754382968 157.23199321048992
69.51433947583335 157.19638944066796
71.14221580933616 157.12020594462152
71.95369098520449 157.0239447604657
72.59870709719924 156.94033137407735
74.36722941152821 156.753384678285
74.74859128366084 156.7212616877739
76.63594390685662 156.42162661416688
77.92098740019824 156.30532125849808
78.66120384941422 156.20549312219748
79.85246735041966 156.12725766018994
81.01162629848484 155.96232248855935
81.53714933925323 155.90778936052183
85.98496064836216 155.7761342824015
86.42645606725742 155.7260986733852
87.1809419801442 155.6648624715165
87.93759649287587 155.59407600480486
89.13399837483557 155.48280686365305
90.42931802468283 155.38592866279757
91.36056148958198 155.2839626333769
92.75633011310143 155.13680270567417
93.65098600927215 155.06280378536815
95.16316822410518 155.0317706479762
95.96242811248105 154.98508145502035
96.54219675515215 154.89061118821283
97.72856651136634 154.7190197221098
98.90471068983256 154.53145530519097
99.74599412852953 154.4229151053383
100.78657183906246 154.23325830752987
102.29898511606802 154.02278461506825
103.13813715948606 153.91421873871508
104.12240954376142 153.77337608357533
105.30597659256394 153.61342849189734
106.50473231192687 153.45122618549743
107.70889537116445 153.27102363667862
108.3774832843864 153.18439856660532
109.3815501022932 153.0448702365073
110.2305885915443 152.8771795136236
111.68280894893734 152.716461616872
112.68113899978562 152.56750354340562
113.68790648442365 152.43512002412294
114.46404116520972 152.31933942585414
115.71501235687208 152.12893798113052
116.4115350752011 152.00758682753656
117.4770789570722 151.8579766306509
119.50171019978217 151.56908217586596
120.12734375851122 151.44452174973614
121.53431602240128 151.31930219010084
121.93437411111721 151.18167716367884
123.30022698854026 150.9664181636502
124.55574367102042 150.78942938648197
125.94897924670339 150.14747578519976
126.37696865226174 150.0841332716781
127.81650364107391 149.7261883995356
129.1196149480759 149.53288900047858
129.55995999438824 149.47130088076145
131.1670223210692 149.29101401543744
131.78852389477103 149.15266099409104
133.1866035952396 148.96595982798038
134.40405712275358 148.66459986458418
134.9285374025615 148.58500171572476
136.218607188992 148.35393667225213
136.66321456270273 148.26488624578238
140.93039974516694 147.9354817955645
141.79594204146244 147.7053773437587
142.9654494469974 147.51119446208327
143.33250691118837 147.44161390980872
145.37765018216766 147.14332813267762
146.12931399109667 147.00354949993323
149.38340739523454 143.26921362945998
149.49948646810589 143.26295938620538
152.13925906611502 143.2946834177201
152.36996241746053 143.26687573434367
154.01217051969098 143.17786153484695
154.96955622151438 143.09465910849175
156.20749345266472 142.9225310017639
157.14372778531921 142.82832110561873
158.2359876559483 142.69450376279536
159.36501852631238 142.5715917833477
160.2592876500628 142.48381547801125
160.88798409867542 142.3908909254275
162.72333220690226 142.20688888052638
163.61105500580112 142.0954088335152
164.93865818771394 142.06399553804033
165.5456741043095 141.93335817706196
166.51251482827234 141.90107688710097
167.69333608374333 141.86985107425775
168.8287642367329 141.76221409284403
169.35124841036077 141.6537475831471
170.27398844301635 141.53399539442793
172.44730721101044 141.37170515801438
173.06812201592808 141.27837996253479
173.92664466433595 141.12074768155836
174.95050754903988 140.92606562536386
176.13180455641609 140.75533235022556
176.8750237320653 140.68512392315566
177.72822744024754 140.52783511819888
179.06201775444583 140.32213782404574
179.8805777643527 140.17313268301837
181.38810709034215 139.97373860172863
182.23853195597758 139.75138979297876
183.109670922184 139.62891055794339
183.9090981348718 139.45502896716553
185.18773934374107 138.97693378535848
185.87448102524868 138.836687349944
187.0234869066362 138.57777810778506
187.51327418986966 138.48132208040636
189.1717236941141 138.31508689081934
189.7440614028905 138.16221943407436
191.01964931970133 137.90919649196107
193.3352875274913 142.2524289327365
193.45261324418271 142.21717455453884
194.2711684673883 141.81282554351165
195.15770699838671 141.5869215617203
196.06428076806395 141.24648384591552
196.93164504429924 141.03275973505845
197.8798213067638 140.7160436893247
198.87589187798505 140.29330834280148
199.71272417508837 139.9555463622786
200.5665910834379 139.61700283327056
201.37207239838742 139.27731947072394
202.31096990778417 139.01386172778092
203.47209657071346 138.61301520601285
204.47470848610163 138.18847454559904
205.48869953475494 137.85892825629648
207.33137236449792 136.60780507543578
207.7560241105948 136.404647340608
208.60809355865663 136.04254110381945
209.37565432871656 135.5969365849311
210.3094224943528 135.16713314316593
211.58414836975675 134.66753275472445
212.23378659589451 134.38160721446468
213.02612720002296 134.02709250345416
213.99059148462555 133.56004861317192
214.9929263350401 133.08528564639582
216.4229438049868 132.41454053858695
216.86237191425232 132.2021335161534
218.2781793172446 131.53628311307514
219.29088372442644 131.15828301747962
220.23869045532103 130.69472653454412
221.57848473598776 130.19856906341505
222.26228577686842 129.9365939128463
223.12518603349844 129.63450811744812
223.94024136602403 129.1478693179775
225.03976217246998 128.75462304369347
225.62709903388526 128.53785893081567
226.68420863755938 128.082167435345
227.964833317143 127.29344735199581
228.57206336076516 127.08710608597299
229.69633132665203 126.76302974724594
230.77781291619664 126.37268034863672
231.38806409289484 126.15656968455588
232.2610468441244 125.86163455111078
233.4283031093471 125.47609864215926
234.15008165965244 125.23129699962482
235.26848669972128 124.87986879336738
237.723334822447 129.13772374085733
237.86608363406776 129.08056567987364
238.85875785592793 128.77065660451194
239.84031894656593 128.47276689994106
240.78774879521862 128.187363868192
241.74197495417408 127.95238002746086
242.65189354070398 127.75196505942
243.51629728126355 127.49733114180007
244.56637047284295 127.25554281428708
245.66196396375273 127.03679641327385
246.50399141298658 126.81710292031666
247.3366329813712 126.52500484876252
248.1513081230423 126.23428726507687
249.27031290612246 125.86730031861428
250.22597557587207 125.5425772404296
251.33426603527903 125.22117377456993
252.1365079608733 124.86147864786507
252.92247721603079 124.57059187669043
253.87487731410366 124.20731692459887
254.93546126012308 123.76632503992626
255.9125089902004 123.38286874061416
256.6823157175997 123.00898512038161
258.15660876120097 122.50329792721479
258.779923938826 122.22977840026726
259.47812464438647 121.44490320537587
260.1044139256776 120.9407039693037
260.7754527341901 120.41174692035814
261.6755885783887 119.85119782412475
262.79411756469756 119.307291045753
263.45824856119236 118.84151397824363
264.63985209119477 118.38978502786313
265.9375261754267 117.95257455654115
266.5956237297662 117.6337622926216
267.33455284056066 117.21505381892665
268.58757954134205 116.66223388887282
269.1279600703883 116.3654404199643
270.4778102123492 115.7422139503082
272.00969470489827 115.09199396510213
272.73117383444287 114.78738099016664
273.26315613993046 114.44088940249462
274.384740698012 113.7768676880857
275.63783670657267 113.24375246873241
276.00243132150854 113.01105310051673
277.17484950202953 112.2035659572572
278.54722508910663 111.6403841453274
279.35865759284485 111.20063333232282
279.84328580430054 110.85064732163835
281.2796144640249 110.19716889666654
281.88829402887734 109.71889166849685
282.8865351232855 109.12012446680006
284.4684279783801 108.56843897878082
284.8672819796083 108.3317853509884
286.11615422869073 108.36351037058373
287.126839384208 107.9268366819141
287.9507133381396 107.51430598614503
288.9349803723504 107.12363687173858
289.49021409517087 106.67452808364197
290.51226176269995 106.08079257328151
291.31210945574514 105.66482900008336
292.4480222974955 105.23691410519928
293.29521543375705 104.81536734420939
293.9439181433966 104.3238001374206
294.6265982660742 103.76232965189669
295.8781341098376 103.45739338524525
296.7028657620347 103.20624875125723
297.4617194344478 102.74543698360827
298.70907251424836 102.58712888495774
299.50089206413486 102.18080108578408
300.3945757329661 101.84175766272965
301.26951967267917 101.47422050377673
302.4063601103743 100.78177001615511
303.0962621625498 100.5164665974087
304.1551196929292 99.99686377866193
304.48029924887885 99.94969830587912
305.3949903738078 99.84318333277598
308.032525121396 99.23191542387666
309.4933089150917 98.71894534090481
310.8263443198806 97.90020303019674
310.9229546910937 97.90785212397921
314.0812132607375 97.87680651810822
314.3281504374998 97.94241265583746
315.95331823263103 98.56880406772818
318.87295352724107 94.51154915456195
318.9685774114229 94.53871110582432
319.9135114808803 95.00188659676284
320.5097344556769 95.2508022853373
321.3292741358535 95.58930413768668
323.7070483442761 92.64200815924949
323.78009223704987 92.70966547366534
326.0283628870525 94.01961675444261
326.555999961449 94.3664719192631
327.098114069189 94.8237749222686
328.11815620721455 95.74235411608356
328.77992384383873 96.41559486603137
330.3323091351556 97.78621338331071
331.87821085812124 98.87191876399972
332.36309119293605 99.36632915724626
332.88781314586265 100.15707196206272
333.1284474644252 100.54526818938992
333.71189466371385 101.84636981514693
334.3217388523478 103.05465930430978
334.8956123313701 104.00972296719439
335.1900831745433 104.77135343853247
335.62775655570096 105.82566705700748
336.01337161304946 106.83306275331978
336.38594205555745 107.94400427664833
336.67189614411694 108.45400967866793
337.5079309981059 110.49203625124942
337.7656261904225 111.27808949758561
338.28425411130513 112.45069843905473
338.50801686052927 113.01860597063786
338.6162288909703 113.25982001399935
339.75668568519046 115.94052650695956
340.5869340054065 118.23142051781618
340.89641957673075 118.9852427491502
341.01436562755765 119.23652607774098
342.10067180787297 121.67291596842762
342.87726836078946 122.98919194266861
343.93425584144137 123.37833863296746
343.9918162798696 123.49795978491466
344.97445740292744 126.5988907321427
344.93765214142934 128.2080850105206
345.1295329040972 128.77231580267662
346.22491706521515 130.64619455531698
346.3811700272707 130.9989206681697
346.8372650461968 131.97797289358675
347.27639679437937 133.3569472285837
348.7018218909418 134.88312689218426
348.68593195320074 135.41785156183133
349.0714665900248 136.28545890389088
349.3293033713977 137.02886697704378
349.7159083113271 138.01809260961085
350.1091315563851 138.82843889090836
350.5110121566904 139.7169006190236
350.92280872118636 140.55522727351646
351.4184217055665 141.99283245864734
356.00360821857487 142.28006449122017
356.03218495515733 142.375857369038
356.3972260881839 143.45739363594615
356.6666824107654 144.40259149259887
357.0924201470528 145.52736894162194
357.3641461071841 146.1102024719975
358.3426403774727 148.15143293031352
358.6563137652994 148.90067640895262
358.90073277661 149.6404017291287
359.01073317288706 150.25888970416787
359.4513197868188 151.51692186173636
359.93204060105586 152.6137060285835
360.25784404749857 153.5302692273816
360.5035427256447 154.6911991626503
360.6999839826096 155.33394334331146
360.99205944986466 156.22616729294174
361.3841566542568 157.36150070511138
361.64714394764263 158.26071092004943
361.9925457780799 159.22471337963964
362.5008369984074 160.3074532282095
362.71758243777504 161.23518521315444
362.85602992279917 162.21621829332648
363.03610723266974 163.18242771525465
363.21828241717793 163.73790773787047
363.4665570522059 164.49709765190795
363.78880700798663 165.3345540308732
364.0342649544829 166.34729044559194
364.4984129621421 167.5631094904168
364.77322949380607 168.33017864084252
361.1607766261323 171.63818368252652
361.1887530096055 171.73406326680185
361.4024733752283 172.66869199540199
361.69162507216265 173.65773526961289
362.0383022031451 174.4969573229949
362.43933137768875 177.1900107191326
362.6183253461975 177.98209577347447
362.8039586064834 178.35892165848972
362.7587594647323 181.4420355192888
361.91635953743867 184.2955058342308
361.92333425823483 184.3951832654087
360.53756309189004 189.19638807087426
360.54809204925255 189.52894617418903
358.79937592428604 192.96695306794308
358.7510229439197 193.3336657775896
358.25071337101855 194.6983234902782
357.83179316314863 195.60762703402295
357.6560327488947 196.18610596060324
357.23634054145384 197.18245117716955
356.78303677066083 198.2061682073608
356.3355407315242 199.00876867500696
355.8938892410475 200.10994253727984
355.3971513537704 200.67633663860744
354.3899690872477 202.1746893193638
353.70681998412914 203.11793630274775
352.73019929743987 204.77122818757798
352.6517161927967 204.8314132034792
351.24607040652313 205.6758254993664
349.3873380511141 206.97139650557162
349.09412185763364 207.12650087805415
346.6344699741393 208.5040134336793
346.10899131207185 208.68289237480315
345.04169483623457 209.0495234642736
343.8800257153753 209.4430444419417
342.1159562235757 210.1889123082129
341.59229177359776 210.28757067561418
340.8736381528388 210.46466643578154
339.4557273678374 210.89274790288383
338.2458084139531 211.2529770102714
334.3413310817699 213.2658977293565
334.0777270880315 213.34363164219866
333.5055558842488 213.46107559201855
331.86601955284954 213.7561432119958
330.87623740479313 214.03220824405102
329.24382047711003 214.53853004026487
328.12457378066256 214.70415324844095
327.3969286951275 214.88038488825657
326.51356962767903 214.93528795053794
325.433208533431 215.1486363403344
324.74780798418897 215.2387228206467
323.46668184282163 215.4076006679065
322.13763790861464 215.47921836336656
321.23459426890986 215.50673862481892
320.31947779071794 215.43767827607869
319.37375241110993 215.53917530494033
318.3771185321924 215.61257589244988
316.93279618683107 215.79517140675753
315.93759871538316 216.0489409024868
315.13628088784384 216.14958623308897
314.05793349830606 216.28842827871054
313.1141679430873 216.43954645130862
311.52731552180353 216.5526518459435
310.77983465676243 216.74799009455185
309.1621307245217 216.79058919825465
308.5483095440031 216.96525193519435
307.37480111046926 217.10794504569128
306.05856740191933 217.15149076988956
305.47022568099396 217.2713496271063
304.23851067065243 217.62230418483279
303.3621929836664 217.80750541924488
302.3846341235931 218.01305836916
301.4542664560779 218.17859494040508
300.70402358867346 218.3753875860268
299.83403760219005 218.65779498380354
298.47122478594997 218.86446389644112
297.74522204332743 219.08765659999287
297.06793042563874 219.26714232580576
295.6215366276939 219.67417445253065
293.98169988376014 220.195389534446
293.10675355291335 220.30896516283138
292.2877188455617 220.5401058560095
290.87062039725527 220.86006986611795
290.01520856979334 221.12211091834752
289.3013967469886 221.35517334828197
288.25879417398556 221.66251540456506
287.104092181686 221.99919383924666
286.35007478405805 222.14802061626943
284.7315691791439 222.39533015214508
284.4505272097575 222.46830646527266
282.9261074197873 223.0089912486117
281.9817717126438 223.33242937772303
280.80773647288896 223.52952036134297
279.99965622197493 223.78967423751112
278.655106679279 224.08227505169677
277.5428532268462 224.37251537372438
277.15743877673265 224.49198165835153
276.81949831429745 224.60212539733422
275.99866342000746 224.86587088019115
274.9579240850276 225.230531183505
272.8823940598982 225.93713485713667
272.21125980156415 226.1557834845544
271.9409480921069 226.2168711788359
267.4157858916045 228.0843991102623
266.21759972366823 228.46730701695063
265.3117776206033 228.75640883429128
264.5477901125729 229.04137335993403
263.5496133451265 229.36882798491115
262.3033268018639 229.7464901141839
261.9441722561538 229.86385422428964
259.06800696884426 230.8515089927818
258.0048749696019 231.36386662487286
257.41449016329835 231.58326683908075
257.31686982694555 231.60060249008995
252.61222443756012 233.1475113909855
251.45362102003782 233.58365937242783
251.35919766389682 233.61296658695184
246.51867264166322 234.57759699172473
245.38906189109196 234.96857464432412
244.44023558922234 235.30398320225152
242.8877188975432 236.0312927074146
242.26325582669367 236.19242652379134
241.26743644358805 236.4849138842927
240.1219155533472 236.85296998774507
239.69985996124234 236.9186915578313
237.83108635960102 237.30544542344953
236.24614688114303 237.67703889148737
235.12356542268938 237.92630332899725
234.34852357520103 238.21427017516498
233.51964185154168 238.49302261112229
232.57068547646443 238.72988277908462
230.67732726386058 239.41036680146178
230.02819446779566 239.617567991383
229.10438174009184 239.8299211707142
228.03149891702802 240.1540692787382
227.12353490943875 240.3666538951753
226.4980386866819 240.4854890503269
225.42298333492352 240.7272317172017
224.3772059562806 241.03211449838386
223.1550137922699 241.29248620029907
222.5062738548574 241.41653256166288
221.4025119710312 241.6299148828332
220.58160771872485 241.87664453036925
219.49439055333738 242.1094322774897
218.38550605903825 242.39804332073928
217.3208886111721 242.71701944312213
216.49699702498674 242.9096961751008
214.3086451764148 243.38394268003066
213.53133203979053 243.5174692100762
212.77252067185117 243.68121647347093
211.60527901229526 244.02471190433982
210.4350143934351 244.3170292628018
209.7188161924519 244.53381327252077
207.4178380424478 245.23139531796562
206.54373981420275 245.49434310224842
206.23586191895546 245.5645023569589
204.61279967510984 245.95156617677233
203.36615492131207 246.3105377898713
202.52255819980124 246.52648348160048
201.7685875894868 246.3118776623004
201.09746396738888 246.45684137827655
198.95298737874722 247.70649738435907
198.52343114962278 247.8122608793364
197.13749005007648 248.2603141657928
196.52771351697135 248.36413436038902
195.60519433689453 248.59453010507568
194.68079319539257 248.86646090860802
193.71520353440667 249.17866403647324
191.63041033640937 249.3942578589658
191.23048397619812 249.45492940288364
190.61611598468824 249.6133542101824
188.01884844076247 250.36241467736957
186.24049879878015 250.40647757285652
185.8135729762817 250.52706978182766
184.38828341699997 250.9075371592207
183.43701243371584 251.2562547031662
182.4624523879987 251.50269459933833
181.85099507916678 251.63266150794865
180.7712237504022 251.93704601779632
179.5241206310796 252.16146089429665
178.8027050297071 252.35327420142477
177.80640333646812 252.55403402489577
176.23254355105286 252.8758621999372
175.04244949986864 253.22712213555963
174.2834274386826 253.39538575962763
173.38389124540527 253.72697505060913
172.27292133647745 253.9486368909384
171.32583565138847 254.2449085426531
170.56812097516698 254.41419575256765
169.50689844324532 254.81504938399
168.69009713520694 255.0934765542411
167.41358709267024 255.35502100632843
166.7874920845877 255.43391861924817
165.3775929222726 255.59954924377055
164.22425408965512 255.7712342755804
163.5271266119497 255.97013203071913
162.77982536744483 256.1709302747336
161.80213746068657 256.34231165515297
160.5981750586509 256.72539065187044
159.63473985419577 257.0267905072354
158.73860233250034 257.1908983909899
157.7898337198104 257.3763338117114
156.64293773486307 257.6428827511344
155.74001712483678 257.9195737317618
154.8285961668481 258.19994432656387
153.37861172237118 258.34650935143134
150.6577409070762 257.2678239872342
150.3575608832395 257.3244599120826
149.66169001845262 257.51009844260386
148.79769611658404 257.70243864612553
147.51591664510815 258.0605305980619
146.47399164137738 258.38993110138136
145.70623958388163 258.5622705121907
144.75175394578793 258.7779298108189
143.77564099409105 258.99348642386025
142.74574996910363 259.15238396168974
141.69948305374484 259.31813197189547
140.5801761634892 259.61411014604795
139.8616760876486 259.71017768212056
138.96942299480972 259.84446343012416
138.08904872972352 260.027609468936
136.00998460902997 260.35432029328194
134.98089974038317 260.4623013674512
134.18249977230522 260.6352528705093
133.0474921844656 260.9284132001682
132.0260921517524 261.14476197200855
131.16484635824514 261.35207711477506
129.84780552324352 261.5702278915093
129.41229330237616 261.6188431724802
127.85974883327198 261.9806242622351
127.04488115627004 262.0553399632427
126.44242010191488 262.13521856389553
125.14600767151953 262.38760941362455
123.73060670148216 262.5089574384662
122.79720280260301 262.70183981647324
122.01287034530978 262.8212244558219
120.9325656884574 263.03698267989415
120.05012006501623 263.23957454757374
118.68765200555441 263.41406270536083
117.92904786936344 263.5547745778342
116.83330277833593 263.8173181462509
115.38696721446672 264.0507476345983
114.6933501112372 264.22744239191064
113.76263361579504 264.4077165247734
112.80006319398365 264.5868224239376
111.99979406432037 264.76254563247704
111.08410947907268 264.96087629609235
110.23559075932239 265.10605299141514
108.89882935719334 265.4986179888066
108.04639259872793 265.7202764966058
106.95123334857352 265.9185153185053
106.17881723795229 266.15638726971434
105.09211415876946 266.4451541533802
103.01177286694153 266.46899083580087
102.35219328112993 266.5635756057146
101.61280096122651 266.8376749593689
99.87865950868918 267.9584726734378
99.42076342028145 268.0788249209541
98.46514037754231 268.24610929225514
97.75767562774523 268.43598827803925
96.39642280319721 269.03709970530787
93.29933816964676 266.6432804253813
93.0552024341924 266.7719775471622
92.4538859406277 267.38227219595933
91.66696893356966 267.5744002293677
90.4205248072968 268.30172350140236
89.52399113532638 268.7474712316851
88.86940632257739 268.9522172156001
86.12261925270985 267.60784552729285
85.59810850844295 267.6473377763278
84.85258148463261 267.8976839866223
84.16677454050898 268.4626906707348
83.3625790798681 269.1237243458121
82.4844913732959 269.52930676541797
81.74195774662245 269.92432129169276
80.82671648949676 270.20677195337305
79.44789341167636 270.39676968409253
79.0517772376918 270.67385966185657
78.20973378421502 271.1524920887121
77.36222462800868 271.73771344804044
76.3457889529143 272.22940253682117
75.5902195020588 272.62901242283255
74.89819700329443 273.2157953187489
74.19527500059651 273.6722640672074
73.23710113975962 274.6278940006629
72.04377127692308 275.28771330869733
71.5810242555818 275.6356660381084
70.74855724618124 276.5202444064303
70.01337083917967 277.1663235777261
69.1122803179886 277.8344925990474
68.93010090274528 278.16588707358613
67.90930552288813 279.789037455699
67.64301004542247 280.4372746961578
62.87252273224955 279.51908872505936
62.83894073814048 279.6130888590782
62.29609569764996 280.7106676941839
62.019542194246405 281.5131157243855
61.06879774132168 283.67665148027777
60.952159927856556 284.21786601274647
60.713424137397354 285.08216562210936
60.411456331715414 286.7025405610531
59.7522896110181 288.7274433409444
54.754579045707544 288.87256190359744
54.76253667843513 288.97223325582246
58.80209672783242 291.84773280860867
58.795573107423294 292.0145155940088
56.622241506594314 294.3207681855056
56.67534506195846 294.6888819064874
56.90684817438134 295.66283636394195
57.065356449247396 296.72343175903745
57.297003023385315 297.65126424803464
57.630449198574446 298.7986740419214
57.8326229378957 299.7339910319181
57.929324036236785 300.8803110745555
58.41490053252232 301.91782850088566
58.588825695471535 302.71044841648745
58.774541322729284 303.85155818555353
58.96261613534069 304.80496110945336
59.07194850037079 305.9148539421371
63.77008539584409 307.50970864116977
63.8072984163314 307.6724111762998
64.07277975864618 308.6385755962509
64.11247350147585 309.7043985786984
64.22536435784839 310.538340666092
64.46451714514177 311.6977132095423
64.68436695431926 312.5520870921326
64.80245361502104 313.2029895599535
64.93604969125217 314.55335612004075
65.07881028249714 315.61853496285073
65.20915305339018 316.31192954981583
65.75612718083165 318.4622785534883
65.84605320221638 319.07653525287037
65.9701682243445 320.20991061941186
66.02879547634724 320.8333624550383
66.21341115182331 322.15161906547445
66.8045691073014 324.4311682134269
66.8460325578766 324.6648596125531
66.99550319766243 326.5203370695092
67.36856825444357 328.6012621598963
67.47223814317002 329.13580223423185
67.51298510001567 330.4461931637253
67.75314563981142 331.70337272323013
67.85706493711005 332.1237007545814
68.05840946271256 333.82189184660314
69.11471507553726 335.7164563001821
69.18202800877668 336.21103015551165
69.30725658475754 337.1632006022434
69.41829156594376 337.98405371407966
69.55499301186734 339.0066839426459
69.77685266551401 339.8952064772142
69.90748747253198 340.97009107448093
70.02279226004926 341.62117073508455
70.1089970888479 343.1659551369554
70.22832444789006 343.9898449157647
70.27730379436537 344.8419468307823
70.37323366574002 346.03494076317315
70.44003694773028 347.04873739691783
70.50928979187412 348.05425989370985
70.60912325881101 348.9703710787619
70.72650553088219 349.80931120888556
70.21186790158178 352.2083500376779
70.67828905316179 353.41016717516925
70.79091228911784 353.6656063899997
70.80809102137921 354.01132641928433
71.15673276918078 356.88183556294285
71.22469749410119 357.8640973018096
71.27324596706463 358.94829070775825
71.19214234927136 360.11412698529205
71.25509631253551 360.79980442767516
71.43145250792293 361.91661665327194
73.22058668512733 363.65346869554975
73.22725291635707 363.95736481544657
77.27599470020506 365.3906283466834
77.56571081191821 365.75421376952835
77.65059088044276 366.1531401969
82.56981594736281 365.54966912388284
83.03271722466668 366.06369800628715
83.16837593236002 366.4298037696174
83.39911520679965 367.3783381948058
83.93912554737688 368.3305339326573
84.38184219407002 369.11733294812615
85.02035424731142 370.0196100755472
85.68968338508604 370.95152680856364
86.43822158205566 371.6949823623184
87.03693977004889 372.4706725663307
87.67830818588365 373.1076486061595
88.3904664400432 373.70205168161795
88.84233789392492 373.9891674873292
90.3794517405182 375.233621570765
90.95186447027099 375.6002448023909
91.7882365105935 376.1573790597267
93.74557628604909 377.44197926735086
94.29344577825998 377.6786349363013
95.21044686510746 377.9290490975269
96.28607289836475 378.24732079401724
97.27381612547435 378.5942248709573
98.65778413027064 378.8439300623627
99.86797646380853 379.209088771649
100.97981729152421 379.1955074033829
102.63233800414561 379.51061958909656
103.1326585396132 379.48461021022285
104.49989528930246 379.3049612689849
105.56200938680324 379.311383188877
106.32482665090711 379.1409598147528
107.59639224253792 379.0706655996576
108.37858844831776 378.9146346651032
109.43262341873599 378.81361737329206
110.54671316063802 378.7181053141591
111.8462142574166 383.095956100511
111.93996409474047 383.0680510836407
113.06119513339515 382.62712164246125
113.82148717303565 382.4350756753735
114.91480749071194 382.1287177104391
115.8403941629529 381.8466553849897
117.46298036047736 381.2946723774746
118.68458169820589 380.96228927244414
119.43871075212219 380.71511163939135
120.41424088269122 380.28391651249564
121.26272861886765 380.08020758489846
121.6755914246837 379.9560058810246
123.6788283552492 379.25637960955476
124.50632670219714 378.9614610835617
126.04370702268488 378.61132011609055
126.90567615716091 378.3062264928699
127.63561434696815 378.08564760015656
128.93525526020838 377.657638844176
130.29627603121676 377.1824456722321
130.7287862544856 377.03433525622745
131.73690173783808 376.78069903162384
132.73741159601084 376.48389438366576
133.86889807899354 376.16329127254903
135.060577923119 375.80148211928866
135.69075485284233 375.61517671202614
136.45303792453677 375.3686910727801
137.53977315712353 375.08265691422037
138.5819324411952 374.80490299891085
139.15300330891483 374.68688140761077
140.1207917122491 374.4710003353044
141.25286156694534 374.2034643001309
142.21282607630872 373.90087655680145
142.30634443778104 373.8729937653663
147.07527230572586 372.6901319368409
148.7589474370519 372.19636200818815
149.80388902907853 371.8246529294852
151.14456499846276 371.4668549271913
151.9138025820099 371.2332575888895
152.6687404086101 370.98831599796335
153.7968420203577 370.66711598566786
154.5415417447817 370.34331272190923
155.85262855721348 369.9026550297186
156.7122912825015 369.5788262007332
157.79059465406567 369.2283492400269
158.88572976533789 368.9117843969328
159.5272227431898 368.6843004464168
160.87233637019617 368.27345998117454
161.49078343865528 368.05559148841246
162.5221771417602 367.7751999996517
163.44045895626198 367.5090013388041
164.24884478243726 367.3017929098819
165.37875588912232 366.99924316265987
166.30272773652734 366.7883869279342
167.21078495712584 366.49672414500014
168.11783344134906 366.23972075319347
168.21169372836928 366.21362900400993
172.97280407873433 364.9914884050522
173.76346580057856 364.7653598957122
174.49732170970265 364.5573944770652
175.28514037197513 364.30024826503865
177.00422578809213 363.81575966720374
177.84037121205543 363.4842372584557
178.85305146753913 363.1695897797812
179.7306363131634 362.9100201966243
180.26736134223077 362.762819722197
181.77105960752002 362.32223723645967
182.41808027270426 362.0805238061832
183.33689990259262 361.7607074151663
184.91196930801829 361.35739622721485
185.48423081309693 361.2169872226998
186.53424771749374 360.8649118596933
187.60118967245248 360.50361229053027
188.85948881967929 360.0204340735159
189.55997314097647 359.5914291276195
190.7186206605831 359.17262828593834
191.3821633228601 358.92907674713786
192.47854727033098 358.6545880278132
193.01431395003328 358.45247991031545
194.08425263686408 358.1040818605416
194.96614611261825 357.8071366159623
195.94129972448644 357.5201954128114
