1.110223e-16 2.220446e-16
0.003499723 0.5653511
0.001173954 1.127607
-0.007831705 1.689225
-0.01508128 2.251296
-0.02040073 2.816072
-0.02969353 3.390281
-0.04152744 3.969489
-0.05593704 4.556204
-0.07008098 5.150463
-0.08798198 5.751285
-0.1054713 6.363942
-0.1238576 6.989627
-0.1444743 7.637602
-0.1645124 8.302111
-0.1844755 8.978383
-0.2077191 9.661917
-0.2329992 10.35368
-0.253794 11.06423
-0.270128 11.79839
-0.2821162 12.5587
-0.2962122 13.3352
-0.3128296 14.12399
-0.3270868 14.92763
-0.3451203 15.74882
-0.3585571 16.58175
-0.3661096 17.4281
-0.3686442 18.28806
-0.3812873 19.16967
-0.3931436 20.0706
-0.4065575 20.99062
-0.419658 21.92489
-0.4375606 22.87774
-0.4507315 23.84921
-0.46864 24.82497
-0.4870736 25.80752
-0.5055765 26.79489
-0.5258752 27.7959
-0.5464848 28.8031
-0.5679163 29.8173
-0.5884758 30.8382
-0.6113853 31.86663
-0.6341856 32.9025
-0.6562571 33.94945
-0.6799668 35.00439
-0.7046294 36.06726
-0.7318157 37.12992
-0.7509456 38.20156
-0.763742 39.27699
-0.7861115 40.35358
-0.8119808 41.43101
-0.8405589 42.50646
-0.8709114 43.58049
-0.9059963 44.64539
-0.9448054 45.70729
-0.9815092 46.77981
-1.015604 47.8582
-1.050114 48.93463
-1.079496 50.01065
-1.112505 51.08922
-1.142897 52.15954
-1.177502 53.23263
-1.210486 54.30647
-1.24879 55.37246
-1.282228 56.44378
-1.319412 57.51446
-1.352181 58.60062
-1.387176 59.6858
-1.418009 60.76851
-1.444555 61.84743
-1.469495 62.92513
-1.499917 64.00399
-1.528092 65.08527
-1.558768 66.16971
-1.593317 67.26138
-1.623511 68.34968
-1.649241 69.43492
-1.673162 70.52233
-1.69757 71.60597
-1.724041 72.68959
-1.754602 73.76891
-1.784427 74.84293
-1.818016 75.91173
-1.852271 76.98007
-1.892754 78.04464
-1.931694 79.11497
-1.971601 80.18037
-2.009246 81.241
-2.046091 82.29562
-2.082196 83.3426
-2.118145 84.38146
-2.152257 85.40636
-2.187213 86.41716
-2.224921 87.4107
-2.262425 88.38264
-2.303693 89.33531
-2.344772 90.26556
-2.390135 91.17072
-2.434745 92.05518
-2.486719 92.91577
-2.538278 93.75397
-2.594376 94.56706
-2.649588 95.35206
-2.709824 96.1106
-2.76931 96.83647
-2.827593 97.53308
-2.885302 98.19683
-2.940577 98.83274
-2.992555 99.43737
-3.043655 100.02
-3.092267 100.5818
-3.132396 101.1196
-3.162399 101.6363
-3.182492 102.1306
-3.196722 102.6043
-3.201967 103.0549
-3.198184 103.4865
-3.182672 103.9074
-3.156876 104.3189
-3.116159 104.719
-3.061832 105.1162
-2.993908 105.4984
-2.911418 105.8778
-2.813888 106.2405
-2.699437 106.6027
-2.570785 106.9444
-2.431748 107.2854
-2.279365 107.6167
-2.109387 107.9269
-1.921488 108.2346
-1.720225 108.5153
-1.50675 108.7943
-1.282825 109.0496
-1.047012 109.3104
-0.7972273 109.5491
-0.5307156 109.791
-0.2466359 110.0156
0.05578371 110.2064
0.3744581 110.404
0.7051086 110.5684
1.049532 110.7304
1.408134 110.8567
1.774099 110.9879
2.148919 111.1029
2.533142 111.1851
2.934626 111.2656
3.350702 111.3182
3.783818 111.3644
4.227266 111.4023
4.690755 111.447
5.173439 111.4895
5.672652 111.5178
6.192944 111.5272
6.728517 111.5183
7.282318 111.5004
7.855335 111.4905
8.447661 111.4822
9.065751 111.4624
9.708447 111.4331
10.36534 111.4116
11.04173 111.3977
11.7305 111.3912
12.44057 111.3766
13.16355 111.3612
13.9022 111.3451
14.65827 111.3363
15.42377 111.324
16.20084 111.3091
16.98099 111.2943
17.76747 111.276
18.56541 111.2519
19.37151 111.2251
20.18791 111.2066
21.00565 111.189
21.82752 111.1686
22.65838 111.1497
23.49682 111.1374
24.33823 111.128
25.18208 111.111
26.02725 111.0993
26.86546 111.0866
27.69648 111.0665
28.51752 111.0417
29.34025 111.0185
30.17178 110.9962
31.00291 110.9727
31.82438 110.9495
32.63728 110.931
33.44955 110.9148
34.25559 110.8957
35.05969 110.8735
35.85953 110.8521
36.65572 110.8323
37.4503 110.8119
38.24062 110.7877
39.02353 110.7603
39.80437 110.7309
40.57553 110.6977
41.34827 110.6618
42.11586 110.626
42.87606 110.5935
43.62563 110.5634
44.35901 110.5329
45.07372 110.5025
45.7787 110.4722
46.47919 110.4407
47.17652 110.4123
47.87113 110.3817
48.56561 110.3479
49.254 110.3152
49.93953 110.2891
50.62365 110.2629
51.29886 110.2291
51.97172 110.1946
52.64111 110.1638
53.30677 110.132
53.9664 110.0844
54.62746 110.0294
55.29672 109.9758
55.96874 109.9227
56.64512 109.8596
57.3246 109.792
58.01252 109.7249
58.70923 109.6525
59.4186 109.5755
60.14241 109.5029
60.86806 109.4297
61.59653 109.3511
62.32941 109.2651
63.06998 109.1742
63.81462 109.091
64.56343 109.0137
65.31557 108.9344
66.05966 108.8574
66.80584 108.7907
67.54618 108.7201
68.28567 108.6478
69.02479 108.5668
69.77011 108.4826
70.51938 108.3983
71.27406 108.316
72.02772 108.2285
72.78695 108.1439
73.55163 108.0563
74.32302 107.9665
75.09805 107.8742
75.87891 107.783
76.66362 107.6848
77.45431 107.5825
78.24938 107.4828
79.0466 107.3781
79.84877 107.2685
80.65616 107.1591
81.47409 107.0489
82.29746 106.933
83.12845 106.8232
83.96282 106.7162
84.80162 106.6094
85.65017 106.4988
86.49919 106.3903
87.34879 106.2858
88.19557 106.1799
89.04327 106.0757
89.89495 105.9776
90.75627 105.8789
91.62156 105.7772
92.48727 105.6748
93.34712 105.5741
94.21112 105.4745
95.07445 105.3717
95.93646 105.2677
96.79086 105.1663
97.64589 105.0653
98.49885 104.9697
99.35201 104.8776
100.202 104.7876
101.0431 104.6963
101.8778 104.6056
102.7081 104.5111
103.5359 104.414
104.3613 104.3147
105.1785 104.2165
105.9907 104.1174
106.7982 104.0206
107.6027 103.9256
108.4014 103.8301
109.1918 103.7315
109.977 103.6312
110.7566 103.5305
111.5346 103.4269
112.3078 103.32
113.0783 103.2107
113.8417 103.1087
114.5994 103.0043
115.3566 102.887
116.1173 102.7662
116.8832 102.6502
117.6391 102.5331
118.3859 102.411
119.1312 102.2948
119.8732 102.178
120.6114 102.0532
121.3457 101.9311
122.0792 101.8119
122.813 101.6844
123.547 101.5468
124.2726 101.4077
124.9966 101.2695
125.7124 101.1264
126.4247 100.9752
127.1315 100.8115
127.8368 100.64
128.5371 100.4561
129.2346 100.2649
129.9272 100.066
130.6177 99.85681
131.3037 99.64198
131.9861 99.43215
132.6678 99.21607
133.3449 98.99266
134.017 98.76779
134.6874 98.55353
135.3466 98.34062
136.005 98.13493
136.6601 97.92651
137.3158 97.71838
137.9665 97.51185
138.6074 97.31435
139.2425 97.11981
139.8731 96.92653
140.5034 96.73888
141.1304 96.55453
141.7523 96.37711
142.369 96.20436
142.983 96.0345
143.5939 95.86352
144.2021 95.69564
144.8014 95.53897
145.3935 95.39074
145.9803 95.2441
146.5647 95.0991
147.1435 94.96498
147.7253 94.84161
148.3017 94.71843
148.8778 94.60227
149.4512 94.49786
150.0216 94.40439
150.5932 94.32475
151.1604 94.25103
151.7288 94.19972
152.2939 94.16541
152.8539 94.14214
153.4149 94.13044
153.9729 94.12758
154.5327 94.13268
155.0895 94.13926
155.6469 94.13797
156.1965 94.12065
156.7425 94.09311
157.2847 94.05245
157.8214 94.00733
158.3533 93.96008
158.8792 93.90679
159.4012 93.8382
159.9158 93.75723
160.4306 93.66924
160.9386 93.57816
161.435 93.48522
161.9306 93.38617
162.4176 93.27627
162.899 93.16096
163.3789 93.04986
163.8542 92.93874
164.3316 92.83529
164.806 92.72888
165.2777 92.62255
165.7438 92.51318
166.2092 92.41197
166.6749 92.29964
167.1492 92.18701
167.6334 92.0695
168.1253 91.94609
168.6218 91.81029
169.126 91.66843
169.6389 91.5263
170.1579 91.38115
170.6832 91.22588
171.2141 91.06242
171.7484 90.89653
172.2902 90.73483
172.8366 90.56912
173.3868 90.39703
173.9327 90.21585
174.4808 90.03523
175.0292 89.86252
175.574 89.68772
176.1157 89.51351
176.658 89.34095
177.1976 89.17394
177.7366 89.00902
178.2718 88.84611
178.7972 88.68987
179.3156 88.53955
179.8254 88.39451
180.3224 88.25564
180.808 88.12317
181.2821 87.99373
181.7427 87.86857
182.1857 87.75348
182.6121 87.65091
183.0265 87.56152
183.4324 87.48204
183.8335 87.40983
184.2319 87.34855
184.6231 87.29367
185.0197 87.25612
185.4134 87.23365
185.8039 87.23155
186.1937 87.24422
186.5698 87.26331
186.952 87.29783
187.3319 87.34029
187.6973 87.38579
188.0686 87.45192
188.4238 87.52595
188.7883 87.61924
189.1549 87.72864
189.5095 87.84616
189.8823 87.99264
190.2336 88.15725
190.6013 88.35376
190.949 88.55409
191.3201 88.78162
191.6933 89.03226
192.0423 89.29218
192.4105 89.60055
192.7478 89.92948
193.103 90.29644
193.4542 90.68449
193.7797 91.08783
194.1207 91.52895
194.4379 91.98893
194.7637 92.48548
195.072 93.00739
195.3781 93.54895
195.6839 94.12166
195.9764 94.71148
196.2715 95.32711
196.5617 95.95704
196.8516 96.60743
197.1374 97.2774
197.4182 97.97014
197.6899 98.68228
197.9499 99.41105
198.2071 100.1604
198.4618 100.9262
198.7161 101.7027
198.9723 102.4872
199.2416 103.284
199.5168 104.0925
199.7985 104.9137
200.0827 105.7448
200.371 106.5908
200.6612 107.4441
200.9553 108.3065
201.2524 109.1695
201.5498 110.032
201.8479 110.893
202.151 111.7544
202.4544 112.6206
202.7572 113.4866
203.0592 114.3505
203.3642 115.2141
203.6649 116.0817
203.9839 117.0004
204.2664 117.8202
204.563 118.6904
204.8576 119.562
205.151 120.4368
205.4446 121.3088
205.735 122.1791
206.0233 123.0494
206.3117 123.9201
206.5986 124.7903
206.8814 125.6572
207.1621 126.5197
207.4409 127.3774
207.7118 128.2265
207.9796 129.0715
208.2428 129.9084
208.502 130.7359
208.7512 131.5533
208.9973 132.35
209.2395 133.1441
209.465 133.899
209.6873 134.6536
209.9047 135.3898
210.1152 136.1105
210.3158 136.8126
210.5053 137.4929
210.6841 138.1496
210.8534 138.781
211.0151 139.387
211.1681 139.9688
211.3149 140.5281
211.4559 141.0618
211.5916 141.5766
211.724 142.072
211.8477 142.554
211.9678 143.0234
212.0878 143.4896
212.2023 143.9404
212.3145 144.3957
212.4189 144.8487
212.5094 145.296
212.5874 145.7394
212.6445 146.1708
212.6931 146.6087
212.728 147.0442
212.7352 147.467
212.7355 147.8973
212.6979 148.309
212.6554 148.7277
212.5937 149.1398
212.4911 149.5284
212.3948 149.9312
212.2529 150.305
212.1199 150.6883
211.9677 151.0609
211.7649 151.398
211.5709 151.7398
211.3278 152.0414
211.0997 152.3511
210.8585 152.6461
210.5705 152.9003
210.3042 153.1666
209.9863 153.3864
209.6902 153.6096
209.384 153.8164
209.0364 153.9758
208.7097 154.1279
208.3451 154.2375
208.0039 154.357
207.6286 154.4466
207.2698 154.5375
206.9028 154.6115
206.5143 154.6636
206.1374 154.7274
205.7432 154.7862
205.3426 154.8398
204.9245 154.8689
204.4976 154.8951
204.0547 154.9164
203.6024 154.9481
203.1364 154.9817
202.6532 155.003
202.1496 155.0197
201.6203 155.0193
201.071 155.0048
200.5036 154.98
199.9196 154.9573
199.3179 154.9342
198.6968 154.9104
198.0566 154.8848
197.401 154.8572
196.7229 154.826
196.0291 154.7958
195.3169 154.772
194.5862 154.7538
193.8374 154.7492
193.0705 154.7502
192.2854 154.7603
191.4848 154.7788
190.6688 154.8086
189.8354 154.8506
188.9847 154.9028
188.1234 154.9664
187.2537 155.0405
186.3819 155.1219
185.5055 155.2099
184.6297 155.3026
183.7535 155.4011
182.8772 155.5026
181.9987 155.6041
181.1142 155.7048
180.2294 155.8063
179.3401 155.9061
178.4501 156.0078
177.5583 156.111
176.6648 156.2176
175.7731 156.3244
174.8806 156.4284
173.987 156.5318
173.0979 156.6392
172.2109 156.7456
171.3197 156.8486
170.4234 156.9534
169.5318 157.0576
168.6411 157.161
167.7494 157.264
166.8573 157.3675
165.9654 157.4718
165.0767 157.5771
164.1664 157.6877
163.3046 157.7946
162.4228 157.9057
161.5439 158.0151
160.6685 158.1268
159.791 158.2372
158.9175 158.3483
158.0452 158.4607
157.1734 158.5732
156.307 158.6857
155.435 158.7993
154.5698 158.9136
153.7017 159.0295
152.8296 159.1441
151.9539 159.2594
151.0745 159.3794
150.1896 159.5007
149.3011 159.6223
148.4176 159.744
147.5233 159.8738
146.6258 160.006
145.7261 160.1315
144.8243 160.2572
143.9222 160.3908
143.0067 160.5168
142.09 160.64
141.169 160.7675
140.2449 160.8945
139.3164 161.0191
138.3734 161.1378
137.4412 161.2492
136.4973 161.3585
135.5474 161.4635
134.5952 161.5602
133.6359 161.6556
132.6768 161.7489
131.7112 161.8406
130.7412 161.9362
129.7673 162.034
128.789 162.1294
127.7888 162.2242
126.8239 162.3139
125.847 162.4025
124.8698 162.4891
123.8955 162.5755
122.9228 162.6628
121.9517 162.7476
120.9827 162.833
120.0115 162.917
119.04 162.9982
118.0676 163.0817
117.0962 163.1649
116.1257 163.2477
115.1532 163.332
114.1834 163.4176
113.2135 163.5036
112.2414 163.5907
111.2713 163.6764
110.2992 163.7618
109.3298 163.8452
108.36 163.93
107.386 164.0146
106.4168 164.1013
105.4447 164.1854
104.4776 164.2692
103.5089 164.3528
102.5407 164.4349
101.572 164.5137
100.6078 164.5939
99.6444 164.6724
98.68013 164.7519
97.71624 164.836
96.74473 164.9281
95.77946 165.025
94.81342 165.1226
93.84929 165.2231
92.88647 165.3259
91.91835 165.4274
90.95214 165.5302
89.97192 165.6374
89.02823 165.7432
88.06538 165.8512
87.09607 165.9632
86.12617 166.0746
85.15047 166.1916
84.18412 166.3055
83.2161 166.4184
82.24261 166.5315
81.26555 166.646
80.28691 166.754
79.31183 166.8626
78.33892 166.9738
77.36723 167.087
76.39326 167.2019
75.40969 167.3142
74.42483 167.4265
73.4387 167.5389
72.45612 167.6483
71.47256 167.755
70.48515 167.8634
69.4976 167.9681
68.50825 168.0701
67.51984 168.1677
66.52966 168.2622
65.53633 168.3543
64.54085 168.4419
63.54367 168.5295
62.54205 168.6151
61.5404 168.6972
60.53894 168.7777
59.53933 168.8593
58.53719 168.9414
57.53603 169.0211
56.53409 169.103
55.53393 169.185
54.53419 169.2648
53.5363 169.3432
52.54333 169.4202
51.54988 169.495
50.5616 169.567
49.57187 169.6402
48.5877 169.7083
47.61182 169.7763
46.6355 169.8396
45.66087 169.9006
44.68182 169.9586
43.71013 170.0171
42.74416 170.0723
41.78176 170.1248
40.82336 170.1766
39.8647 170.228
38.90723 170.278
37.95304 170.3283
37.00423 170.3775
36.0688 170.4262
35.13286 170.4735
34.20793 170.5188
33.29 170.5614
32.38526 170.6028
31.48447 170.6422
30.58176 170.6794
29.70436 170.7134
28.82594 170.7461
27.95477 170.7773
27.09342 170.8071
26.24437 170.8337
25.40547 170.8574
24.58317 170.8773
23.77585 170.8968
22.98624 170.9164
22.20933 170.9378
21.4456 170.9645
20.69094 170.9942
19.94428 171.0278
19.20611 171.0651
18.47268 171.1029
17.74801 171.1422
17.02821 171.1833
16.31412 171.2284
15.60676 171.2731
14.89954 171.3168
14.2232 171.3599
13.54546 171.4036
12.87576 171.447
12.21623 171.4921
11.56807 171.5402
10.93393 171.5884
10.31366 171.6384
9.70917 171.6873
9.12053 171.7402
8.551464 171.7957
7.998637 171.8537
7.461749 171.9086
6.938515 171.9658
6.432635 172.0241
5.941199 172.0898
5.461638 172.1564
4.995356 172.2277
4.541988 172.2989
4.101101 172.3765
3.674361 172.4608
3.262747 172.5489
2.864576 172.6439
2.475555 172.7387
2.10015 172.8401
1.737145 172.9439
1.394096 173.0607
1.066699 173.186
0.7490336 173.3127
0.4352868 173.4488
0.1244878 173.5851
-0.1940023 173.7434
-0.4819953 173.9051
-0.7744074 174.0816
-1.056277 174.26
-1.324858 174.4569
-1.58099 174.6662
-1.827053 174.8661
-2.065394 175.0917
-2.298974 175.3083
-2.533159 175.5567
-2.7621 175.8085
-2.984 176.102
-3.197645 176.4144
-3.408457 176.7201
-3.613633 177.0559
-3.80931 177.3923
-3.994755 177.7639
-4.172515 178.1345
-4.341951 178.538
-4.506015 178.9515
-4.658887 179.3984
-4.802666 179.8726
-4.930925 180.367
-5.037119 180.879
-5.132379 181.3966
-5.212692 181.9529
-5.27335 182.524
-5.31934 183.1051
-5.351521 183.7146
-5.374392 184.3315
-5.386215 184.9722
-5.392321 185.6255
-5.394182 186.2935
-5.392487 186.9806
-5.38794 187.6829
-5.38074 188.4002
-5.373899 189.1282
-5.372151 189.8719
-5.376082 190.6327
-5.383511 191.4074
-5.386586 192.1934
-5.388556 192.9838
-5.397395 193.782
-5.406023 194.5852
-5.414875 195.3954
-5.425124 196.2071
-5.440439 197.0176
-5.4507 197.8279
-5.463791 198.6388
-5.475977 199.4565
-5.48971 200.2799
-5.502826 201.1081
-5.514842 201.9342
-5.530315 202.7596
-5.546064 203.5844
-5.560062 204.4067
-5.57464 205.2297
-5.595924 206.0488
-5.616804 206.8636
-5.638403 207.6764
-5.663364 208.4877
-5.692115 209.2941
-5.719704 210.095
-5.746621 210.8881
-5.775682 211.6782
-5.807043 212.4599
-5.836098 213.2324
-5.860771 213.9901
-5.88549 214.7321
-5.91233 215.4543
-5.9409 216.1593
-5.970022 216.8473
-5.996305 217.516
-6.023283 218.1694
-6.053756 218.8036
-6.084272 219.412
-6.114588 220.0006
-6.14573 220.5667
-6.178103 221.1145
-6.209081 221.6411
-6.239666 222.147
-6.2677 222.6311
-6.290085 223.0947
-6.308435 223.545
-6.319855 223.988
-6.323739 224.427
-6.319417 224.8666
-6.304389 225.2989
-6.274326 225.7323
-6.236169 226.1516
-6.19086 226.5688
-6.132258 226.985
-6.055339 227.3826
-5.959133 227.7868
-5.842543 228.1672
-5.705406 228.5521
-5.557346 228.9096
-5.392446 229.2783
-5.215271 229.6207
-5.034004 229.9627
-4.842747 230.2757
-4.639218 230.5991
-4.412698 230.9131
-4.1627 231.1927
-3.894204 231.486
-3.617048 231.7428
-3.339169 232.0322
-3.051125 232.2922
-2.738112 232.5583
-2.397566 232.795
-2.039294 232.9743
-1.663556 233.1743
-1.278517 233.345
-0.874758 233.5417
-0.4359517 233.7034
0.002398074 233.8494
0.4703487 233.9807
0.9528231 234.0717
1.451824 234.1673
1.968174 234.246
2.504059 234.3265
3.063341 234.3947
3.633148 234.4468
4.219494 234.4924
4.818404 234.5217
5.432449 234.5364
6.068743 234.5358
6.718857 234.5295
7.389986 234.5223
8.074205 234.5065
8.771869 234.4769
9.482224 234.4371
10.20631 234.3929
10.95005 234.3535
11.71401 234.3193
12.49258 234.2816
13.28369 234.2426
14.0799 234.1974
14.88697 234.1568
15.69818 234.1141
16.50141 234.0796
17.30472 234.0441
18.10984 234.0112
18.91815 233.9809
19.72619 233.9563
20.53893 233.937
21.35033 233.9198
22.16683 233.9078
23.00035 233.8961
23.81188 233.8935
24.63455 233.8935
25.45451 233.8957
26.27665 233.8929
27.10127 233.8931
27.92772 233.8893
28.75467 233.8876
29.58258 233.8801
30.4079 233.872
31.23452 233.8629
32.05872 233.86
32.88214 233.8536
33.70381 233.849
34.52269 233.8418
35.3385 233.829
36.15344 233.8183
36.9686 233.8051
37.77952 233.7905
38.58529 233.7716
39.3838 233.7509
40.1794 233.7275
40.97136 233.7072
41.76276 233.6841
42.5523 233.6624
43.33725 233.6432
44.12374 233.622
44.90784 233.5956
45.68975 233.5712
46.45838 233.547
47.22694 233.5206
47.99397 233.4904
48.75855 233.4615
49.52284 233.4346
50.28441 233.4114
51.04523 233.39
51.80314 233.3702
52.557 233.3458
53.30415 233.3232
54.04995 233.3065
54.79568 233.2829
55.55026 233.2521
56.28059 233.2265
57.00822 233.2101
57.7232 233.1815
58.44558 233.1479
59.17375 233.123
59.90016 233.1051
60.61997 233.0867
61.33366 233.066
62.04381 233.0459
62.75048 233.0375
63.45444 233.0304
64.15215 233.0168
64.84629 232.998
65.53951 232.9801
66.22642 232.9604
66.90794 232.9343
