1 1
0.5624024424861801 0.1
0.5620113293277041 0.6970613749007597
0.5624000227311915 1.0951622104213108
0.5650003408425354 0.7353024387539007
0.5745226191716638 1.1321265530357087
0.5796427178339693 0.9076943788213986
0.5874219229246134 1.143773778167739
0.5948624553375458 1.3354605441505043
0.6015207410366246 1.170106433932641
0.6132106977109106 0.5298805751128457
0.6262472280213142 0.9169330599345348
0.6485480959299016 1.7383373196998573
0.6650452263881079 0.8526368223039656
0.676848720260605 0.721085669397661
0.6841828440944805 1.9679057612933573
0.6923143183526178 0.6885528458536085
0.7108763317548907 1.4431871770293463
0.7343665668011847 0.6410382492176747
0.7604242356977654 1.049099367209183
0.7766410873241324 1.3593473005554266
0.7889750879980737 1.6937936798622315
0.8037668681407827 0.5595109954330041
0.8213880014843773 1.0172390320173188
0.833039264976627 0.9663427760962102
0.8464074610153798 2.9868823316629873
0.8600655321313904 0.7931421281269305
0.8818066165422027 0.7190274576135866
0.9012147979548094 1.7052445681056656
0.920437361405773 0.7098781409515147
0.9347572277272119 1.1792816404812214
0.9534316728253767 0.90355880976624
0.9719695184179903 1.131165623586707
0.9763682554469968 0.8287709476049003
0.9831706162539693 0.8891765763851345
0.9880053627668713 0.8041046727519623
1.0017147556744543 0.9935453584000347
1.0078811458671166 3.9904734932298296
1.014892285811163 0.28769111687141935
1.0215762906031551 1.3418210504098382
1.0291130781334432 1.0255213076351632
1.0365957417370504 0.909883699370162
1.0476192007776157 1.6603493348308422
1.055604122545277 0.7418686450165797
1.0635003703569232 1.6356292742772414
1.063353511937555 0.8784252462107617
1.0720106144597519 1.00188170359367
1.0756475909164274 0.7710583328853224
1.0771174574535762 0.8863670468449709
1.0781074088227431 1.4337804897663906
1.0761842782025821 0.5980109172311077
1.0748401251893889 1.443359997116898
1.0656845604066023 0.887597281017108
1.0627491392077497 1.1206336185968964
1.0733928859883664 1.0805447997555173
1.0791672978329345 0.8368533417779399
1.0771787065756564 1.4295357242569122
1.0765725734589375 0.6310983520769881
1.0792492964079237 1.032898573214173
1.0708723213007258 0.8710109521665825
1.0737574930313647 1.2178431359778497
1.0745507907404812 1.0011758674347049
1.0669276277780038 0.8018249005006656
1.0722042940447496 1.2124848637645294
1.0716883861575652 1.3089845212681028
1.0868893779230704 0.5701562838302575
1.0858670025933206 1.0892039878364785
1.0832570331172549 1.0421565144110818
1.0792979104677298 1.121219532844815
1.0780623155198406 1.3323464691711937
1.079444463566791 1.003463221240652
1.0818211038216918 0.7481361449743537
1.0850776163653002 1.1733625451179004
1.092489031846552 1.0684743226153195
1.0889640849931683 0.9459866169949395
1.0856971632015981 0.693049897054745
1.087874320000698 1.2226271807891549
1.0840890914311452 0.952024856284797
1.0842121114846448 1.5576292295499639
1.080090806323719 0.48466085069024695
1.0747364728387974 1.3471615849335943
1.0696226789485261 1.213445055185972
1.0692205811945368 0.9591826669981917
1.065802071395063 0.8533104455301249
1.0714458959107531 1.239527264373944
1.0665068719201922 0.7792921072143906
1.0614993195122675 0.709314198322007
1.0554241253230854 1.186337671366617
1.0478069225964344 0.2782695124362698
1.039624034262867 3.4857781858307737
1.0256323155834184 1.5355145216276136
1.0115388825670408 1.0880387173715942
0.9944162673372857 1.3913049405943403
0.9728419195825082 0.6681007155604792
0.9538106527922734 0.8043897350458389
0.9314042823290943 1.8381501446456032
0.9065574224885133 0.5613782523132158
0.8858309068332298 1.0724808318505197
0.8626230156771864 1.0154819550665504
0.8400839180998532 0.9427376094697786
0.8153122932625291 0.9848383592985406
0.7871275782666967 1.1013949055566274
0.7612316620451465 0.8796187488371827
0.7286481584688187 1.0856268819962427
0.6994110273315611 1.0611735107146243
0.6665454492095867 0.8681251042541662
0.6387283729019672 0.982304940140952
0.607369095941669 0.8921254837586534
0.5853785530996107 0.9434077352677319
0.5645078573235326 0.9615797653464311
0.539790518187384 0.9066164875569751
0.5179405819290474 1.1434846404090235
0.4949712035442017 0.812330668352089
0.4744191964128287 1.3071162840274098
0.4510727114878572 0.6467835104663897
0.43221920473875597 1.0866750152015598
0.42157869887838345 1.5498998762572598
0.4129236741106074 0.6555684951656173
0.40252125273703976 5.0
0.40153194236325673 0.1
0.38850345137720216 1.4253150515404682
0.38876928208899453 4.376316691467749
0.37606976526836444 0.18216533178022223
0.3804884695782528 0.8201225411104349
0.36550468943640396 0.5579719238088436
0.36879589148741326 1.020425456225719
0.3650026672847737 1.2573992853300218
0.3540303225050158 1.3274747711134653
0.36076619936046955 1.4031556672978933
0.3456436161395113 0.868291895331074
0.35158238703610545 0.9026855275054093
0.3398982253984205 1.0200877789911547
0.3518210087601389 1.4478517856980282
0.3456180872047748 0.3533546735333191
0.35999594452978295 1.2427000573513078
0.3623721061024071 0.9716759311913981
0.35776397678993693 1.3151511867797185
0.37508046688393387 0.9178594045398842
0.3693647264902946 1.6991598770228182
0.3808130976838401 0.9482095644726022
0.3803428979276466 0.7439582294497471
0.3889914971114383 1.0905922558080827
0.3922231486743253 1.2457346701610605
0.39299512140737836 2.005964935950841
0.4096033689509895 1.0245067335178484
0.4195571515312303 0.5650089668440949
0.43572093357560865 2.7940042563405747
0.4451873571969442 0.5156519926667374
0.4659390519649545 1.0713653243015537
0.48477481894277497 0.9199354523481075
0.5002211585868789 1.0971993257302224
0.5206255362619082 1.1025144882036968
0.5358574611685465 1.18894126236734
0.5542516350693066 0.9211257359287339
0.5731261413554612 1.2394513752820653
0.5924287947129172 1.0395166254939343
0.6184946863320661 1.6757662288411872
0.6434951862073244 0.695291612821011
0.657389823125518 1.3205913745659739
0.6766707818400316 0.8142651998227538
0.6889827091219343 2.053030834821054
0.7103087976197394 1.7840892374595652
0.7232674910605357 0.6735910391779227
0.7390181996297517 0.9484348194062199
0.756431213406744 0.8371791773464191
0.7659274276039467 0.839383591431331
0.7775491589533102 1.1886220367952927
0.7806242246330806 4.877831591033036
0.786937746775437 0.18768131766764395
0.798460736372804 1.1848855389118136
0.8067284176573933 0.9949358303102088
0.81686457707566 1.2831224173224154
0.8181327753879568 0.9666875597863519
0.8223316461069711 1.5899323415315745
0.8313749530079687 0.5273586206591122
0.8389060048950642 1.2006543056148715
0.8419319309902669 1.7684372552668217
0.8443634003176591 0.39322581830135345
0.8454879651355182 1.482635699868724
0.8385948855699038 0.9219575667373121
0.8316459310842589 1.0001959529121598
0.8217085966788955 5.0
0.823436878554756 0.1
0.8323734506241747 1.1650958465420491
0.8319992062622432 0.8850744458044586
0.8222008342862481 0.8352972103575974
0.8134535382454199 0.7176129922981462
0.8127676440927065 1.141679379868131
0.8065695588658136 1.4039973226294773
0.8047607746405192 0.9157227406822737
0.8005363014879429 2.4041652600738246
0.7967776133125253 0.2787093437038327
0.7951179827648186 1.6418594158552982
0.7911216672067589 0.821746517950569
0.7837870751607235 0.6528412567151004
0.7817790056179537 1.7940192517595888
0.7721988563996992 0.3862633493596804
0.773932405461871 1.9222865479781954
0.7688513055357306 1.295904069677095
0.7613039740872283 0.7523737477966198
0.7505290675916543 1.1982657021317888
0.7342590641190584 1.1786116676082357
0.7156252978926929 0.5317897055523365
0.7059467829263042 4.478650756418653
0.7015442536747076 0.44655639496810884
0.6982381549220807 0.7630607148528176
0.6956486275412368 0.7682604507320215
0.6956207165661458 1.2079950381917754
0.6894355212229764 1.3096701063048526
0.6862954341426146 0.9409128966578604
0.6849305532161639 1.4116543084370323
0.6762785932890378 0.9047879504998751
0.6739559396763267 1.5264792917217982
0.6703727318358048 0.8076238630141794
0.666724823723403 0.5901941787488318
0.6615556056666743 1.2086597385382467
0.6635467208878358 1.2083613477759156
0.6716613060047456 0.8531477249016531
0.6744111879269168 1.0651177024942782
0.6797171348737673 1.5331168975002223
0.6831974376130207 0.848372815124167
0.6914367601516476 1.004181791793558
0.7006988515339486 1.2044650302919189
0.7137691000344576 1.2165157771780546
0.7276322780945068 1.2218020962807796
0.7294646517309816 0.6795788344592733
0.7328213340378412 1.020197119002562
0.7380810635865155 0.8690472274891119
0.7463394290408341 1.4710449460595492
0.749499470316021 1.0159559144630976
0.7530645898068753 1.0212384485587511
0.756652406327368 0.7894394943094862
0.7523484841408267 1.274679160498775
0.7601613915274926 0.7115934405016907
0.7480844754230667 1.0847218194891037
0.7490583705566503 2.0583519830792003
0.7461220866346204 0.6434461523075666
0.7536304552259078 1.4185303169701458
0.7558343900121199 0.43287046173774685
0.7610220694539759 1.3984878106684298
0.7599904282660379 1.2815609029334663
0.7652745616241289 1.5542739257987566
0.7705209457529362 0.4358936863056766
0.7775217702058215 1.4874610279802805
0.7812242741524359 1.3178190911982492
0.7867526221754882 0.44637675319933673
0.7914348566628747 1.6242875192848993
0.7976442757044139 0.6436319104007292
0.8015419297678648 1.42391071368587
0.8043606234618849 1.2567845703850542
0.8100023822810685 0.5337807434179197
0.8150987107859996 1.3211684695338428
0.8257253586659459 0.4580811436286508
0.8319370217846987 4.306080490394793
0.8386697741477281 0.8994582482473185
0.8415012067281827 1.190035775157182
0.8459015561452833 0.3780956771594955
0.855984225161307 2.087636542263772
0.8561599938235811 0.7724106324821837
0.856358486831883 5.0
0.8538367171918846 0.11747185798361075
0.8544338216392225 2.653238601511448
0.8576724863541906 0.23497342694397527
0.8675322852805016 1.6639165382485577
0.8718002653480925 0.9755143264565271
0.8721694290124972 1.2553982000421247
0.8661343985063841 0.9489203775792497
0.8701422826325486 1.1070728456558858
0.8698024603213127 1.1442384161272288
0.8686374172944636 0.9049011416650876
0.8607509228719983 0.6427567358310273
0.8613725635867452 1.8508688592980032
0.8586729295837942 0.8978153086477955
0.8585839609496586 1.3330509492919724
0.8552504709755999 0.6308137803918864
0.8464805148903288 0.9793196649649863
0.8400000388244018 1.196031198227409
0.8360499436780157 1.1517892082816892
0.8340055762937041 0.5390321916852736
0.8319643790024925 0.9467192106192686
0.8236702281884423 2.183905285152102
0.8188351051640406 0.6314242197357668
0.8139279935725179 0.8817397232856657
0.8106958486541095 1.0534532940681056
0.8050962614650468 1.2057419038402712
0.7972334659207485 0.7512237447380067
0.7922180759083972 0.8857810811887459
0.7867084341736804 1.367585993775261
0.7855545500498275 0.8405743240379699
0.7812159211280877 1.5263867325769653
0.7788164871707554 0.8964438088609471
0.7710555811360211 0.8890337931581063
0.765851932187939 0.8347759074283341
0.7670068563767837 1.3925703120116382
0.7709657848594842 0.7117923279851331
0.775673195280076 1.1866023939769401
0.7659415702232082 0.5082863897681342
0.7575644818766333 1.6726054614055172
0.7549843786628978 0.6070320208754594
0.7520239028115961 1.3256373745623018
0.7496601226962839 5.0
0.7453957634464974 0.1234758847137597
0.7440759470403616 0.9481362419033028
0.7459932074925366 0.9269331335393868
0.7479766581411414 0.9864166599342298
0.7399706461482103 0.9119103496432156
0.7382268388679787 1.0248385292291244
0.7310101939125058 1.0983920368076403
0.7292429443203406 0.9176480335973178
0.7265392617746157 0.9340961714817071
0.7268582166069183 0.891955536244529
0.7250082332118827 0.9958767087792524
0.7241904780953633 1.2497940014620967
0.7214706117375789 1.1165812761460567
0.722432948930226 1.0858988136261365
0.7196737635178645 2.2426997861558737
0.7148282203305953 0.4847857227813365
0.7158184170088143 0.9430799316434857
0.7136746857812702 0.8955243333679936
0.7094465718403314 1.0441905567899834
0.7044835131080112 1.3849678921505948
0.693307216772619 0.7200262107257304
0.690333437234502 0.8826400386851442
0.6880553788642361 1.0830603878041407
0.688517449425934 1.1303691504288236
0.6835830562148253 1.597369404720142
0.6714091454128527 0.49868536570825894
0.6648116714528965 1.5847738366050281
0.6602447149966322 1.0980762166650504
0.6583575772906458 1.0717426304157955
0.6543458933354821 1.4380017664249103
0.647477322710979 0.7377979775615758
0.6411880227640044 0.9257383940369099
0.6376268923720244 0.9670084387751444
0.6348780823504492 1.1716419217306187
0.6313958057835132 0.6396051863667883
0.6201474894482737 1.1735754941179477
0.6110292888855569 1.5643120770710999
0.6054658475265223 0.6489288934314114
0.6026335332322497 1.1833201351174425
0.5947294798847658 1.157646831966792
0.5954292133621062 0.6628207587820634
0.5901272496343555 0.9453730670582474
0.5882926112913494 1.2437594639444778
0.5834519921887247 0.769447302022271
0.5786692473218243 1.189114083123506
0.5777221522496692 5.0
0.5725440673773635 0.15743936469999112
0.5713777554131737 1.057885211845142
0.5669938473528628 1.0429958000587498
0.5612285225013091 0.9981391990753875
0.5618391236679554 1.019063915201238
0.5586817991809144 0.9579408819209094
0.5605506563228653 0.9137311673122529
0.5575237504142574 1.0960286801028516
0.5579538566413905 1.1352625102517495
0.550286196469617 0.8891489481844679
0.5469892729195177 0.8904941966620878
0.5440731694257476 0.8767096337100198
0.5389062109208115 1.1895490621290017
0.5342504521813498 1.0221033358321132
0.5288140755208847 1.166642970322981
0.5267290586781699 0.8947192570273526
0.5211929385131772 0.8505579795276962
0.5225174000777478 1.037774291326579
0.5163211949939794 1.1671945901382073
0.5052307453075218 1.0599771545897312
0.5056363628428976 0.8630500829407235
0.49945194391052 1.6003181331049432
0.495215973514593 0.6903060135304016
0.49282214063898205 1.088206656415283
0.4883054248736174 0.8204290581638048
0.4887138699290367 0.8652470700931888
0.48643080801281696 1.0764586015462823
0.4839156653012987 1.256160598723113
0.4790252125556481 0.8221791599040116
0.47658587396293794 1.272882214034762
0.47920156172115963 1.3833297584838338
0.4875557571642433 0.7398827730298719
0.49832655517139207 0.8616449774258106
0.5072398903122829 1.3866122611742908
0.5149217004564853 0.6208408078114278
0.5239489539268073 1.5039670930573639
0.5323570258764323 1.6754773400462093
0.5390341789571473 0.7894385962901441
0.547921473305242 0.6439643647966238
0.5557114860150031 1.3270261507325873
0.5596836428957017 1.372806598981317
0.5656299225474138 0.4370747413588581
0.5711699675613272 1.446363734996141
0.5766459160524658 1.5026910052430116
0.5753561251964022 0.9385676663909117
0.5772656075196029 0.6052278637100167
0.5751237537269825 1.600954709497735
0.5722577343129683 0.7822092133095724
0.5691673482597115 1.1814499257332294
0.5692487556806587 1.6993848912812763
0.565071692496633 0.4664700235538347
0.5638822991378745 1.2572809947649746
0.5596547243613753 1.1227287046479408
0.5483310651795948 0.9408214130388505
0.5399644586683304 1.0709085073771187
0.5302270750122211 0.726888671887867
0.5162279063562769 1.2016777115788742
0.5035183415338556 0.9072158371078666
0.4916257502450628 1.219450522956771
0.4774756773910039 0.9625412001424565
0.4578791235129503 0.8160011799938907
0.4387124328179005 0.8903857995934834
0.4240530570624382 1.3105645085395259
0.41372253910199613 0.8744571874532427
0.4076406152777076 0.89409368321049
0.4032061207670427 1.304302486795333
0.39514112501864185 0.9031814214975595
0.3985257615261602 0.9724683641674843
0.3944907394869953 0.9499944923349779
0.3906781653496933 1.3402415067630997
0.3901771128359612 0.745572589857986
0.3767869198645103 1.199123444070696
0.38404017977811766 0.3386094205535839
0.38251013581340987 0.9412925515657669
0.3684445386011533 2.748319464755154
0.37728822411518936 1.5605435318079048
0.3629473808749644 1.5656692885859207
0.37631411893389866 0.1
0.3826253544343377 3.209912750927084
0.373606130871809 0.26019594540046415
0.4005967010360757 1.7755442808553819
0.3879983763162029 5.0
0.41705663852288183 0.1
0.4014230431714222 1.0555390068911135
0.4354421915030617 0.6577330326468325
0.449663093153077 0.915991050387363
0.4352883146100028 5.0
0.48050706411456534 0.1
0.47137680343966776 2.6060939217272523
0.511047332195367 0.6483513832485384
0.5236970342907991 0.726411953904993
0.518583785331747 1.3727630804728645
0.5578143547812335 0.9535908321258451
0.5590323839671637 2.095251671806184
0.594202365654152 1.9074890932864756
0.6064558540438103 0.6971162650589913
0.6223032485854434 0.9499463831781868
0.6494945378246101 0.4629530202185167
0.6585624825519577 1.4275424345839518
0.6828772312246228 1.3634988599578097
0.693665496403707 1.1147972717092316
0.7121674143317546 0.8166733955063472
0.728442394387519 1.1456632413961054
0.7475438227582383 1.0825034641754785
0.7623018432517379 1.1737486521853286
0.7738313628362486 0.5876883683796577
0.7923250786413241 2.204274363328097
0.8071196137500346 0.8274103567941546
0.8171916427007794 1.285674778706014
0.8253351385346454 0.6119872113675805
0.8411376404013886 0.26519308215181625
0.8541462392939415 2.9299919908329395
0.8682704590736736 2.4371833882491964
0.8784398781931443 0.8180222615756646
0.8938858887464429 0.2778385545306524
0.9013944546645529 2.6743208968595944
0.9112344668634857 1.5562453011557986
0.9127933317021983 1.1993904551340335
0.9124454191347564 0.13338190290776109
0.9112369784529216 3.260709697406742
0.9132258089322739 1.6131533699879315
0.9178380907872452 0.5963285988387009
0.9174392729766973 2.1751944005788975
0.9151892877978834 0.38608272876540267
0.9159155869947914 1.0822619343856492
0.918293776304718 1.4574348381936515
0.9725859651465328 2.1354828006117423
0.8671882229942935 0.5353495767669971
0.9194246584141548 0.9516467112133961
0.9201267426284289 0.7897829124329709
0.9227710797375613 1.0625889952535754
0.9201754113211233 0.9046666790052675
0.9175342873157404 0.9790999442210496
0.9168585552853811 0.9386224093167119
0.9172736026399083 1.5207124235064962
0.9163342375465386 4.970006515098611
0.9119109112736874 0.1
0.9070693349463385 1.1428808905973356
0.9019208260152242 0.9829396103201732
0.8913013791080963 1.2039750392021606
0.8864717085164054 0.645137844911177
0.8773388512997786 2.264288525155991
0.8671821550285663 0.8149245637333602
0.8545622814634604 0.7802527040779559
0.8338944810945637 0.6290451028388014
0.8302769984168064 1.3357946088857124
0.787903961723758 1.1992045019344857
0.7867219201217235 0.9739201392510339
0.7677116099812442 1.1889801047625168
0.750896033349484 0.673796001039406
0.7302597129788864 0.9404601387638765
0.7062552552724742 1.2029073462904085
0.6806668216535894 0.9385445764861264
0.6537229924823009 1.0246383340947673
0.6272199662797671 1.1971573150748334
0.6016796464066164 0.9527296243093792
0.5783813503217439 0.9933803044289624
0.5521087027026621 0.9829436402482779
0.5324633813700286 0.5856677612762857
0.5128821888114139 0.7995499146913629
0.49775684716536317 0.8983730331005636
0.4846115500068161 1.0442029432976514
0.48153273159774046 1.3025109705122915
0.46525972585215075 0.8198286023078432
0.4690894743010068 5.0
0.46497637886241305 0.1
0.4564529127960346 0.9597017871025894
0.4502973045666582 1.0304650894959755
0.4352518379053907 0.9083098794949835
0.44066092452132183 2.7274069617701944
0.4369607077301038 0.8121886811687452
0.4229489473920224 0.4200693360611235
0.43043064481980137 3.087989483653334
0.4135370141837326 2.9846586654253366
0.42100071745782397 0.1
0.41681958639200783 5.0
0.40194061302635536 0.3357020040711938
0.41419177068114843 3.8967929693391996
0.39984198128762144 0.3724579208745708
0.4058190115063561 1.471439281444011
0.4025472896443375 1.0061571408286845
0.39343252293117986 0.6048012519917617
0.39304185833065014 1.0867696282754373
0.38737671277453395 1.121252190420021
0.38463762491465614 0.9194280947306691
0.38105936873406293 1.1908565548002703
0.3841696772260775 0.7652161023286007
0.3766452309534812 1.8259373188215515
0.38653640915186066 1.1723209377379575
0.37083100477170666 1.9262914404067353
0.36953766844532343 0.1
0.3824790453083692 1.653483442145344
0.3604247333355439 2.349388186161362
0.3807887603383233 0.33525070757876607
0.3616700525340842 2.859507825039687
0.3859448391933546 0.567593947405425
0.370253777293362 1.1507086230676178
0.3745079471786875 1.2520796695275402
0.39209615772156775 1.9361022056901702
0.38249271117235883 0.5368557941346279
0.3989715880861841 0.7519943946436571
0.40449605387444326 1.4917493677958447
0.4193601478443178 1.2842293627453778
0.42791497005829515 4.410323249629829
0.44359458168468147 0.2787134299067177
0.4535949745092062 0.5894458264830382
0.4674508103533245 1.6859205163270685
0.48402789888601483 1.037856628166759
0.504267659581701 1.7501698623699802
0.5295443479067704 1.1430661624058174
0.5496330506801669 0.7634287061718722
0.5680964949724572 0.8894354509788277
0.5847187446969724 1.1293422288412196
0.6025248323513253 0.7039006175856957
0.6219436402118889 1.309016359985537
0.641114341128001 1.3546348968067723
0.6565417373632774 0.9205943464879862
0.6791822712644976 0.9266661961209832
0.6948324586546119 0.9709058004927503
0.7130036210286698 1.0045119409028025
0.7313297808786527 1.473157191127192
0.749225686225441 1.0403899091606572
0.7673132578028277 0.8222557968244663
0.7856154148182174 1.0962288107109774
0.8012461247332209 0.970000873029298
0.8169018988838289 1.6070741243518805
0.8347842730310732 0.7907697028320722
0.852666306417689 1.6529042037299102
0.8640044307756745 0.6525379377220921
0.873178440010971 1.1985403910089945
0.8759566345573355 1.3319170221512195
0.881222500486671 0.6088023708234005
0.8811044913652399 1.3094183725832949
0.8821057935395392 0.9040322063424754
0.8825503408304951 1.0141615991752029
0.8847444857109604 0.9560153667566214
0.890585259303683 0.783135007707865
0.8909444136650838 0.9288358855096378
0.8952541335375046 1.399191160518004
0.8961436000335131 0.7701286226426566
0.8980858918394042 0.7089048425821834
0.9001220185197022 1.526589317189626
0.8983464906287685 1.7541303576705414
0.8988292932120232 0.8896236347675002
0.8998549844419292 0.8639030633590289
0.8958005989956525 1.4723323464369962
0.8936055953271569 0.9123870150895436
0.8974621935769761 0.7622497509680761
0.9027372715253543 1.100260722754172
0.898080106008909 1.2227770649839111
0.8971028231061453 0.7793036445093992
0.8980407182978825 1.6559498893341034
0.8984828025293516 0.2953816024791193
0.898347593683 1.6397218779724376
0.8952631394377856 1.0211580913702114
0.9173501810671655 1.2042101971054635
0.8687053953464475 0.8635941218013382
0.8890974616992198 1.3943605617148433
0.8860319038505197 1.1877843964578145
0.8827605530017901 0.4078640561065304
0.8846666694574832 0.3609799531936956
0.8808016735338386 0.8778436679235155
0.8797780304605214 1.1225318087253155
0.8793001408597724 2.237052349537177
0.8739243065620695 0.7161820042689959
0.8796309011488699 0.280131852031388
0.8730001479954231 5.0
0.8760546056245577 1.27603998262867
0.879844020586024 0.9604732577679496
0.8834896000298978 0.8238734453961205
0.8877498921571368 1.0591888199161676
0.8933901378479482 1.3265844536974338
0.8969981929976443 0.3820717254026515
0.8920957277691657 3.0926813301556666
0.9039115250736511 1.1962372309918552
0.9074541088611684 0.6410360314728606
0.9086182514791288 0.1
0.9108178409078411 5.0
0.9122485324740087 1.286038530322164
0.9243779504515508 0.1
0.9251748382662511 5.0
0.9300044107336225 1.216149743977437
0.9330123860378347 1.0151373193332778
0.9370226081819102 1.7197241487489907
0.9506765854910736 0.6575357795120249
0.9391079656615584 1.0487179370325452
0.950494090409837 1.2240491326328604
0.9559582248110928 0.429237732414913
0.9573953670683856 1.9427805082770289
0.9643143776258976 1.6553726997694855
0.9639057135264902 1.1705250784358074
0.970220658510728 0.8395066882293469
0.9749463209638782 0.8862019949113907
0.9790153360519788 0.9837871625456958
0.983180787152108 2.0616461227009446
1.0049747607895352 0.6929667141502092
0.9693579174876527 0.9591649701526842
0.9812725509989585 1.1347408483171053
0.9814413361989567 0.9477752194605996
0.9785833893950984 0.6428413447552372
0.9770446480079639 1.111710047131084
0.975247561125372 1.096990685584434
0.9731967367233693 1.2602326787622582
0.9752590796070513 0.6672944317506038
0.9753167734069703 1.1331300833267672
0.9764366637324804 0.8664923561104247
0.9753166439695374 1.125741651251773
0.9743744282133054 1.1613052954721783
0.9765260488589083 1.1214537415468337
0.9738978452594423 0.854664809317189
0.9739927376120527 2.263773471784437
0.976278666656705 0.7955221170105078
0.9742036925592125 0.7884947163514234
0.9761275750003142 1.230139279441953
0.9733690411431775 1.223750540642378
0.9738864265862898 0.7574408134323103
0.9780495152782431 2.4516340567165384
0.9734616691149184 0.9398104830433286
0.9760629444871839 0.3183037533673792
0.9711081933152496 1.6851369001933871
0.972691755511989 1.3214657540469528
0.9720433544343543 0.8824750085160548
0.9723172373767714 0.7907749852055933
0.9679133445200602 0.6946874581703941
0.9669803702164742 2.496164326961818
0.9678540705194133 0.4488157582558454
0.967828697051298 1.4870466396347464
0.976135877683014 0.6249635856175929
0.9704258204005128 0.9624695391729619
0.9712971453314443 0.9739240407987941
0.9697458206463131 1.0270109480584417
0.9687069911195997 2.132643440907461
0.973862690586307 0.4073808124743954
0.9721322443891097 0.6390568194758448
0.9864833606888698 2.731291734289119
0.9499741571963968 1.803398326064817
0.9692161622445117 0.4508467435287109
0.9759521827533421 1.502678497174978
0.9764661725226287 1.0212975792582981
0.9828898620781498 1.0184089862420096
0.9733240525030762 0.6326234545097937
0.9748828455609375 1.133398797327667
0.9803827773375036 1.2784536772813573
0.9841196022237274 0.7553524855810754
0.9850039315703253 1.0286569700679287
0.9815523019304726 1.6247677080820861
0.9796495841799778 1.2675624901374216
0.9786061420147463 0.7916710638098463
0.9810019810398029 0.9683089161651075
0.9901901129560937 1.1448719223130197
0.9914712199196689 1.0081835681662603
0.9928041713570745 0.7858095455324302
0.9890615531548055 1.1486564887628377
0.9896924002618147 0.8699481937227085
0.9936905533962763 1.3166944728067336
0.9934641861592161 0.6399705604845825
0.9949459524336004 1.432609479176951
0.9935444338911086 1.1747263152555567
0.9950641125198881 0.7350113228338935
0.9979473072382119 0.784090234198983
0.9996691086234498 1.0020066407179273
1.0014092077792256 1.2727220925115361
1.005670013836045 1.0246944826935782
1.0053427763250748 0.9250908826189834
1.0050627964585115 0.9804017064084114
1.003333875870336 1.1939092922992867
1.0058899260858485 0.9588132414294372
1.0046678653291405 0.9663060956336333
1.0056615070812833 1.4673052156742146
1.0038990543356443 2.9844511833626077
1.0032964430919669 0.3106466875655167
1.0013254380415033 0.7267486022354339
0.9963202688036609 0.8914687482309376
0.9965974489411424 1.3507500248441122
0.9912897770500847 1.1089606376132686
0.9927393088822468 0.7937106503103536
0.9867996088877417 0.9861737683049602
0.9784845147885535 1.0132109442136699
0.9785748582423329 1.0486081575295474
0.9767197107891272 1.0663469618811678
0.9809262633429696 1.1727305644525767
0.9736291556753042 0.7290329285182569
0.9677409606609605 0.9078135418937255
0.9640629516795065 0.911504239197854
0.9601408441603746 2.1200045392919455
0.9604323733865928 1.052411946241543
0.9591919714864171 0.8286341123482641
0.9559959158260021 1.1868356798196804
0.9506205509266049 1.0512127272648213
0.9371802732153475 0.8925166824082129
0.9376355674786472 1.346243295309625
0.9264952324696581 0.44247635867309076
0.9194260605094878 1.6257260877302981
0.9061796075039401 0.8297357403875392
0.9021602264010541 0.6108475031848979
0.9040100764510335 1.3327396925777744
0.8786111659681988 1.4228862416672339
0.8795285805754147 0.9627115553905765
0.8722445121088455 0.797375960155372
0.8623288557157313 1.1137485842742456
0.8499543085366396 0.9144926676786093
0.8397608218064231 1.385622239295162
0.8230361575921209 0.7777654993197476
0.8080421586037464 1.1394097568366566
0.7903423357640659 1.4739068385607665
0.7776691238753123 0.7237892131327637
0.764579967694683 0.953690434286534
0.7555966260015973 0.9876691342193565
0.7477230985338112 0.8249357510879469
0.7393998966871711 0.9457933702958513
0.7347319224887388 0.8675356929173291
0.7260603852442298 1.4109018884472788
0.7212722662247586 0.8892271258583877
0.7158532894588125 1.1190505096998957
0.7090903013305145 0.8175009801708423
0.7088609592183783 1.137176301866241
0.6779830451633732 2.1136847634799496
0.6794467049187891 0.6726109564026808
0.6713979713411414 0.7998239890742576
0.6613150648034561 2.1777073486275302
0.6501481465643036 0.4753122738896011
0.6362138160744399 0.9868537985309359
0.6224992457224329 0.7419913155125564
0.6066922570702551 1.5058999910585915
0.5912707036214454 3.9423508516777375
0.5719970737731129 0.2766019222899322
0.556014078327157 0.8577885018724376
0.5398663414624036 0.8178205243356846
0.5265046794065555 1.4562077160157765
0.5093942131591207 1.0019300307989942
0.4959900907649257 0.6932487375447867
0.48435463118050137 3.0829168843401678
0.47184835233897005 0.5388651128734023
0.45904507455477706 0.8098565085261203
0.4477326143961353 0.8939210170035765
0.4351028614029123 1.049239005917191
0.4210645020326454 0.990400929936409
0.40943056720523424 0.8456662440464373
0.4004518524179887 0.9613472739060405
0.3888972898195645 1.3953255589941453
0.37758237697355734 0.4834823443985228
0.3624019145437785 0.9719296276286117
0.35055716111641827 1.0305240219579317
0.3420112069014113 1.137633501786293
0.3420072616337842 0.8578870339993243
0.339388159730126 0.9302552216451543
0.3556982761822287 0.8410051450822124
0.3303228965799961 1.3750473475152112
0.34157912248176336 1.3720304692477876
0.33358702595447803 0.5832278463529266
0.3330318092570136 1.215976859259659
0.3308444035388923 0.9887667839184553
0.3170449205790785 1.136388399934491
0.3282110660565947 0.3785210445326382
0.3185524925173241 1.931883850077973
0.34139109573918575 0.7022228404918032
0.3403247151207235 5.0
0.3679461196004066 0.1
0.37851262434164323 1.2321777463587442
0.3714226224033761 0.848899948004266
0.3935740877852659 2.407693662463897
0.38924357850836583 0.5545796319961465
0.4154318894367651 0.8986930725393456
0.4111428109075932 1.6543516289655025
0.43771488616679083 2.138094982445352
0.44492509039724787 5.0
0.4723851083014785 0.1
0.49561991853636844 5.0
0.5109923945676538 0.16693913552115897
0.5230854342122331 3.186861276300436
0.5265352147615736 0.37286849547648854
0.5621783550306719 1.0065943809285052
0.5743706381188035 1.0724577198683567
0.5830643456128929 0.9563910801238257
0.6106021852646749 1.195111397630511
0.6176135891720801 0.9569182433233319
0.641194754364831 1.1504915766331212
0.653703600354933 1.1459785378529592
0.6683419655662874 0.812342094008159
0.6875002951570427 1.156564771352829
0.7027432522998506 0.9718288096998049
0.7177718858028871 1.1155878243780117
0.7283895097246879 5.0
0.7440205584041527 0.16701641778603138
0.7611469090011358 1.002429159028843
0.7751391682285145 1.0676946991060445
0.786472193564402 0.8416325534196989
0.7909198268528919 1.1847215970588298
0.7987082426080336 0.8826332416883114
0.8036807523046453 0.6617779573705473
0.8107084765832996 1.3574566237268653
0.8123591960026076 1.0767087120374148
0.8111548708169017 0.7057857918623516
0.810816071603184 2.220886063837308
0.8114269486632829 0.6209074691976826
0.818141541979139 1.140711081913176
0.8238782832973494 0.6270249465922166
0.8287076511925154 1.3322612816651185
0.8265666916226388 2.3549777202089146
0.8259188502135081 0.2377563665756253
0.8253537509486283 1.868674069810965
0.8228822606059879 2.1174405825305356
0.823652517124189 0.5446032289596141
0.8198262314417528 1.314334855254798
0.8155677790619156 1.2827000578451309
0.8134565976387531 0.43345418868099167
0.812075606037382 1.7122303284448608
0.8072307374982659 2.176212680857712
0.8017871974196275 0.49913357933422997
0.7940223456364534 0.9661701884142008
0.7910276574538925 0.8319373328429717
0.7827679276426706 1.0326185252542333
0.7735022069529034 0.9158031030294278
0.7584875717933682 1.0835688753608483
0.7427784222505293 0.6614176363448341
0.7230735901863521 1.5488230209863796
0.7059811948409233 0.8327424689045816
0.6889422046151504 0.8544442650618267
0.6695109748241634 1.1991474515055232
0.654287821568617 1.0163564557810294
0.6352945133975193 1.0081828848933547
0.6095091643946144 0.9217661542051283
0.5897377934404262 0.8475311699126956
0.5672267269699186 2.479856442773296
0.5490311092260571 1.289207527571621
0.527758211748526 0.27920250664543217
0.5070963839439173 0.3472813894924503
0.48518845738641786 2.895222741188342
0.4643592466194535 0.985037690695476
0.45083442392523526 1.0876969409271533
0.44328174616603677 1.1697799466000403
0.43920066381096673 0.6890479806670349
0.4399322427431426 1.1351069764580233
0.4328727823656718 2.493864985232091
0.43473864021732084 0.304523996890841
0.4214095806813057 4.457642996475974
0.4200152312119251 0.4648978744961684
0.42067919761262595 0.4080302595782853
0.40524216732342455 5.0
0.4158334120774839 0.6950581986706944
0.3981354110714174 0.39043290269010344
0.40884267724638346 0.9762173118359857
0.3870837849148572 1.1025513311309016
0.40424844245215413 0.9031134873588283
0.3858712470682394 1.1099613424502364
0.38746008964151246 1.1473865524228
0.3670947793935412 1.0565027443695414
0.3822666053554708 0.9831496087609294
0.38719995108599314 0.9040867388331932
0.3750982822141538 0.9313687407616964
0.39768095888160504 0.5368999506727206
0.3779270384095312 2.031721123858006
0.40128543588946797 0.6840595174216128
0.38866610695687137 1.0357508339446082
0.4114103233427631 2.343603272159945
0.4151352176724988 0.6021039595404735
0.40071225580583913 0.9747866481078306
0.4257052169283287 1.126576354041382
0.4213345175534563 1.055274833806682
0.4493766965586857 1.4427215597472132
0.4681968147944716 1.2753765532946983
0.46278109131840667 1.1374962529101518
0.4865237033719884 1.7004079311893117
0.49122552634849537 0.5083922043970924
0.5082068240803281 1.3939382625461287
0.5224784190576676 1.078658310816653
0.5421589866275388 0.801564994809749
0.5638890503893462 1.2946052771681409
0.5725718283132689 0.8128250004074091
0.5884398990253813 1.0720098326849294
0.5999145063556978 1.1459445043734293
0.6144642350251145 5.0
0.6365343940118243 0.1
0.6504341124549042 1.228385581201654
0.6715969436656192 0.8041887580174745
0.6849718028247577 1.1605979638030353
0.6987284912696785 0.9897308134945694
0.71167030295566 1.7450836931958749
0.7256032450017011 1.2824741247191027
0.745026246034996 0.824908905020094
0.7649763902402487 1.1006283167733237
0.7796656659389333 0.8910692290171247
0.7922352511249412 0.44085442469247277
0.7976511519430047 2.172231288425973
0.8082292037534884 0.8989342859811394
0.8125563713367837 1.6063525386253072
0.8041448317933775 0.9238913819796559
0.8042359465753819 0.7806078376316385
0.8059280303606501 1.3991156953945612
0.8090236461661701 1.4549201539224508
0.8085942161609845 0.46718919907154915
0.8132676919840122 1.0700343366502452
0.8118179318547961 1.0662387164360017
0.816864805245643 1.2029184576027045
0.8338581158212711 1.2704819090221033
0.8118991525208018 0.6700372347202628
0.823050928159372 0.8227161279830876
0.8203112501995796 1.1548926748230568
0.8224395758722958 1.1034344454165828
0.8249670235985189 0.5984884523031544
0.8267901650140754 1.0115437776066885
0.8273090509863893 1.1910797268310782
0.8282369799405233 1.034140300918323
0.8256773995944191 0.1
0.8269617137449579 5.0
0.8245386016439751 1.7906650838058626
0.8238069794126522 1.1363386995484663
0.8220967850295949 1.416251976946604
0.8191934183427012 0.8236553300819225
0.8161539316795636 0.8111162761857641
0.8152544240321546 1.2033482927948584
0.8154556995349272 0.8473885828930612
0.8112187122323999 1.4086753952086757
0.8061275897306854 0.9393010983369124
0.7989009914307283 1.162507757734
0.7960624898988777 1.1636063498059575
0.7923283807923287 0.6964345544636059
0.7919065222133258 1.4471945998362867
0.790077298398077 0.6732800826120557
0.7854383644494274 1.100453107036044
0.7869831542034432 0.9753214802494699
0.784710391632483 0.8533236871706287
0.7824451287476928 1.2006772750723234
0.7691952304194319 0.9697485124602415
0.7692313281425821 0.972864557558237
0.7677631091039722 0.9735718763961378
0.7652523344786366 0.1
0.7649122983061553 5.0
0.7620813646461896 0.8440664924543178
0.7612589542389587 0.7838982727514674
0.758272799288622 0.8463840860573695
0.7543827665157823 1.8211894216664823
0.7476241162917339 0.940869195497792
0.7461606016193862 1.080753785049989
0.7462169344768258 0.9434159051575929
0.755325254774396 0.5676764677003301
0.7310547708106377 1.5959943226264763
0.728190448075918 0.7074095103737428
0.7157746433061152 0.9992671926162731
0.7233965434538668 1.6518507907723825
0.7289895967680184 0.6012431668675344
0.7272117331706096 1.1539770750002107
0.7205157691154324 1.1546829373113596
0.714289439286344 1.3771926841060833
0.7106090715189322 0.8609319691648238
0.7070172422961152 1.2705126018422461
0.7043317383172457 0.7225458290519561
0.6980838847337838 1.1434794286810472
0.6945755711576577 0.592685945767219
0.6936612530803598 1.158261097991032
0.687508540904036 0.9472893138894666
0.6823175704677318 1.0518059532381439
