1.11022e-16 2.22045e-16
0.0129416 0.998838
0.00712787 1.81089
-0.0562032 2.94653
-0.0875094 3.80427
-0.0894726 4.76426
-0.105059 5.74219
-0.215264 6.83128
-0.304309 7.87465
-0.220106 9.19967
-0.237891 9.90478
-0.193771 10.9205
-0.217719 11.7661
-0.196671 13.1219
-0.264267 14.0033
-0.304002 14.7887
-0.323049 15.8584
-0.410748 16.8062
-0.458965 17.806
-0.508377 18.7919
-0.540177 20.1487
-0.577306 21.0853
-0.608507 21.9605
-0.633773 22.8919
-0.675052 23.9097
-0.754242 24.9757
-0.767067 25.9479
-0.783251 26.7893
-0.788187 27.9294
-0.792679 28.7584
-0.832118 30.0649
-0.851968 30.9418
-0.901812 31.8974
-0.929924 32.8471
-0.97058 33.6872
-0.97697 34.7643
-1.00203 35.7221
-1.02756 36.6253
-1.0546 37.669
-1.11805 38.6674
-1.12273 39.7967
-1.15854 40.7008
-1.19027 41.9542
-1.23526 42.8737
-1.25979 44.0073
-1.28758 44.9721
-1.30611 45.9537
-1.34294 46.8551
-1.36297 47.7717
-1.39543 48.8136
-1.40397 49.7647
-1.43068 50.7073
-1.42205 51.8384
-1.43145 52.7192
-1.45774 53.8221
-1.49939 54.9141
-1.52398 55.9636
-1.53115 57.1675
-1.54368 57.9309
-1.56961 58.946
-1.59396 59.8811
-1.61113 60.6704
-1.61859 61.8085
-1.65091 62.7589
-1.68099 63.7354
-1.73369 64.6959
-1.75951 65.719
-1.78994 66.6457
-1.82339 67.7163
-1.86131 68.6855
-1.87962 69.5811
-1.90351 70.6472
-1.93861 71.5915
-1.99019 72.6272
-2.02304 73.5235
-2.03551 74.6069
-2.04096 75.6707
-2.08502 76.8239
-2.12528 77.6427
-2.15879 78.7273
-2.17546 79.6362
-2.19335 80.721
-2.23212 81.7254
-2.26703 82.8724
-2.29401 83.7162
-2.33248 84.7137
-2.37815 85.713
-2.4218 86.5348
-2.46553 87.6437
-2.50054 88.6004
-2.54932 89.4831
-2.60451 90.5338
-2.66572 91.6431
-2.69794 92.5352
-2.75675 93.4897
-2.79833 94.4055
-2.83295 95.412
-2.8805 96.3314
-2.92446 97.3081
-2.9616 98.3148
-3.01503 99.2056
-3.09987 100.254
-3.16317 101.126
-3.29059 102.073
-3.22538 103.133
-3.31674 103.978
-3.39633 104.886
-3.52517 105.793
-3.59409 106.801
-3.82853 107.848
-3.80311 108.816
-4.07468 109.754
-4.11309 110.571
-3.89786 112.121
-3.9285 112.702
-3.91058 113.733
-3.84446 114.617
-3.79998 115.561
-3.63265 116.656
-3.53701 117.341
-3.44133 118.319
-3.29499 119.204
-3.02854 120.332
-2.78154 121.214
-2.45785 122.153
-2.17435 122.916
-1.96571 123.555
-1.05814 125.173
-0.525204 125.902
-0.0526816 126.664
0.374749 127.382
1.0588 128.339
1.9948 129.21
2.58781 129.919
3.33895 130.713
4.04815 131.358
4.7959 131.94
5.51815 132.437
6.2117 132.878
6.76834 133.16
7.34124 133.447
7.75909 133.613
8.41104 133.843
8.92635 133.97
9.72446 134.144
11.4552 134.584
12.0052 134.644
13.0634 134.729
14.0086 134.81
15.3194 134.956
16.2893 135.044
17.0873 135.095
18.2372 135.088
19.1995 135.082
20.3575 135.063
20.9465 135.061
22.18 135.036
23.5182 135.086
24.4191 135.041
25.1896 134.984
26.5663 134.992
27.5365 134.967
28.5666 134.978
29.2394 134.991
30.5307 134.95
31.7721 134.883
32.5094 134.874
33.7834 134.834
34.6191 134.82
35.5894 134.806
36.6667 134.815
37.8209 134.816
38.8674 134.771
39.837 134.784
40.6658 134.78
41.6738 134.758
42.7811 134.767
43.7946 134.72
44.7565 134.714
45.7775 134.7
46.6329 134.692
47.6846 134.684
48.6218 134.659
49.7665 134.644
50.7479 134.614
51.7991 134.609
52.8674 134.592
53.5812 134.58
54.7708 134.54
56.1187 134.607
56.7822 134.594
57.7776 134.595
58.6085 134.58
59.7544 134.509
60.7985 134.493
61.6065 134.471
62.8702 134.451
63.9289 134.403
65.0395 134.346
66.2377 134.315
67.1374 134.285
68.2596 134.264
69.0611 134.23
70.1884 134.19
71.2243 134.156
72.276 134.121
72.9465 134.111
73.7725 134.071
74.8503 134.037
75.9183 134.004
76.7904 133.993
78.0951 134.003
78.7179 133.973
79.6824 133.935
80.7326 133.876
81.5982 133.859
82.4984 133.809
83.5563 133.742
84.6477 133.68
85.703 133.598
86.6473 133.518
87.6329 133.415
88.9558 133.365
89.7656 133.304
90.7857 133.228
91.9931 133.08
92.8597 133.006
93.7715 132.922
94.6307 132.828
95.4033 132.756
96.5808 132.663
97.6673 132.599
98.6991 132.512
99.6587 132.43
100.514 132.378
101.575 132.292
102.471 132.224
103.26 132.157
104.078 132.071
105.054 131.988
106.084 131.892
107.164 131.794
108.011 131.717
108.794 131.629
110.27 131.539
111.103 131.465
112.034 131.371
113.157 131.259
114.147 131.171
115.19 131.055
116.242 130.954
117.205 130.849
118.068 130.753
119.547 130.583
120.457 130.494
121.579 130.375
122.603 130.282
123.585 130.187
124.681 130.076
125.605 129.99
126.626 129.895
127.451 129.812
128.557 129.682
129.309 129.624
130.67 129.575
131.402 129.506
132.432 129.414
133.388 129.326
134.305 129.254
135.267 129.154
136.324 129.059
137.375 128.956
138.334 128.921
139.523 128.843
140.416 128.776
141.337 128.692
142.117 128.621
143.514 128.537
144.389 128.464
145.226 128.384
146.438 128.278
147.385 128.184
148.46 128.112
149.554 128.015
150.52 127.9
151.425 127.821
152.44 127.731
153.436 127.636
154.586 127.521
155.603 127.43
156.694 127.313
157.612 127.233
158.517 127.141
159.234 127.075
160.453 126.907
161.497 126.77
162.473 126.657
163.358 126.541
163.96 126.475
165.224 126.311
166.254 126.165
167.35 125.981
168.151 125.873
169.394 125.716
170.328 125.58
171.275 125.381
171.927 125.297
173.382 124.983
174.256 124.838
175.211 124.662
176.121 124.475
177.088 124.281
178.168 124.052
179.031 123.86
180.052 123.588
180.701 123.4
181.591 123.186
182.642 122.894
183.655 122.618
184.719 122.294
185.507 122.111
186.422 121.85
187.28 121.613
188.324 121.309
189.456 120.98
190.318 120.769
191.541 120.436
192.558 120.169
193.417 119.982
194.364 119.756
195.494 119.479
196.6 119.174
197.32 119.012
198.415 118.755
199.019 118.607
200.203 118.368
201.05 118.162
202.046 117.986
203.212 117.777
204.134 117.572
205.126 117.32
206.153 117.046
207 116.911
207.828 116.793
208.863 116.583
209.803 116.43
211.04 116.235
212.002 116.124
213.137 116.078
214.016 116.05
215.07 116.05
216.062 116.067
217.263 116.1
218.27 116.154
219.272 116.202
220.248 116.26
221.325 116.319
222.181 116.324
223.096 116.31
223.982 116.293
224.857 116.265
225.757 116.22
226.596 116.165
227.52 116.055
228.489 115.932
229.23 115.786
230.028 115.671
231.282 115.529
232.123 115.4
233.088 115.206
234.059 115.02
235.003 114.82
235.908 114.648
237.017 114.432
237.891 114.272
238.797 114.088
239.634 113.926
240.706 113.741
241.481 113.558
242.523 113.356
243.453 113.168
244.531 112.962
245.281 112.808
246.207 112.583
247.156 112.33
248.35 112.047
249.279 111.772
250.037 111.605
251.036 111.341
252.056 111.086
253.027 110.825
253.997 110.552
254.979 110.272
256.078 109.977
257.088 109.709
257.968 109.465
258.93 109.174
259.894 108.883
260.869 108.616
261.857 108.359
262.864 108.117
263.763 107.915
264.682 107.608
265.72 107.338
266.651 107.134
267.536 107.005
268.435 106.779
269.271 106.521
270.019 106.408
270.846 106.225
271.642 106.029
272.822 105.811
273.817 105.712
274.747 105.481
275.663 105.4
276.561 105.351
277.567 105.242
278.109 105.276
279.547 105.267
280.354 105.338
281.271 105.474
282.224 105.604
283.007 105.742
283.851 105.949
284.676 106.218
285.811 106.61
286.712 106.945
287.365 107.201
288.322 107.651
289.025 108.041
289.509 108.375
290.792 109.185
291.477 109.647
292.518 110.405
293.124 110.901
293.748 111.512
294.524 112.32
294.983 112.883
295.457 113.497
296.524 114.823
296.839 115.378
297.377 116.194
297.801 117.015
298.353 118.025
298.776 118.866
299.196 119.844
299.759 121.032
300.293 122.224
300.584 122.918
300.886 123.759
301.358 124.907
301.678 125.892
301.95 126.747
302.231 127.675
302.575 128.731
302.803 129.544
303.125 130.641
303.359 131.477
303.642 132.529
303.902 133.474
304.143 134.356
304.444 135.416
304.817 136.684
305.125 137.763
305.365 138.7
305.585 139.598
305.806 140.365
306.176 141.454
306.38 142.161
306.596 143.131
306.886 144.091
307.1 144.759
307.404 145.841
307.634 146.729
307.908 147.645
308.218 148.665
308.469 149.561
308.824 150.823
309.042 151.597
309.262 152.371
309.627 153.572
309.797 154.27
310.115 155.408
310.404 156.436
310.661 157.438
310.883 158.286
311.173 159.369
311.461 160.419
311.699 161.38
312 162.428
312.187 163.194
312.444 164.18
312.685 165.133
312.911 166.235
313.125 167.081
313.429 168.162
313.673 169.141
313.825 169.946
314.082 171.097
314.284 171.956
314.474 172.815
314.725 173.819
314.928 174.836
315.177 175.87
315.276 176.585
315.582 177.804
315.724 178.514
315.971 179.442
316.138 180.231
316.35 181.185
316.522 181.941
316.758 183.024
316.904 183.813
317.146 184.886
317.253 185.638
317.323 186.701
317.387 187.577
317.422 188.458
317.415 189.511
316.979 190.808
316.932 191.583
316.831 192.435
316.379 193.944
316.267 194.619
316.044 195.645
315.541 197.021
315.132 197.865
314.784 198.981
314.493 200.054
313.877 201.036
313.117 202.098
312.428 202.962
311.802 203.656
311.176 204.64
310.597 205.194
309.941 205.737
309.153 206.343
308.441 206.808
307.669 207.221
306.531 207.811
305.802 208.078
304.886 208.354
303.815 208.623
302.477 208.98
301.706 209.116
300.677 209.291
299.484 209.474
298.697 209.567
297.598 209.759
296.507 209.827
295.536 209.857
294.68 209.849
293.944 209.861
292.745 209.916
291.869 209.973
290.333 209.907
289.463 209.906
288.056 209.749
287.439 209.748
285.82 209.569
285.14 209.535
284.175 209.476
282.999 209.425
282.025 209.399
280.951 209.315
279.982 209.244
279.06 209.174
277.491 209.041
276.583 208.968
275.563 208.915
274.682 208.888
273.941 208.863
273.044 208.86
271.877 208.896
270.885 208.901
269.981 208.907
268.872 208.973
267.742 208.927
266.458 208.931
265.782 208.969
265.022 209.029
264.114 209.103
262.999 209.21
262.048 209.279
261.043 209.383
260.084 209.446
259.125 209.547
258.081 209.597
257.102 209.711
255.988 209.826
255.019 209.892
254.054 209.951
253.256 210.017
252.286 210.086
251.43 210.146
250.527 210.225
249.719 210.272
248.539 210.359
247.491 210.433
246.645 210.512
245.787 210.583
244.618 210.685
243.82 210.757
242.87 210.841
241.489 210.958
240.701 211.021
239.391 211.125
238.151 211.236
237.279 211.331
236.273 211.47
234.94 211.516
234.172 211.613
233.335 211.671
232.262 211.772
231.332 211.882
230.173 211.997
229.406 212.071
228.236 212.174
227.311 212.274
226.133 212.424
225.456 212.491
224.148 212.594
223.484 212.65
222.231 212.757
221.081 212.851
220.265 212.938
219.346 213.02
217.858 213.12
217.104 213.205
216.255 213.282
214.827 213.415
214.055 213.491
212.756 213.636
212.2 213.696
210.973 213.794
210.236 213.825
209.069 213.886
208.092 213.942
206.765 214.007
205.905 214.047
204.898 214.104
203.797 214.199
203.005 214.239
202.011 214.248
201.076 214.313
199.9 214.408
199.001 214.493
198.111 214.55
196.979 214.607
196.008 214.638
194.749 214.759
193.989 214.835
193.08 214.88
191.825 214.935
190.807 214.976
190.023 215.033
188.936 215.09
187.957 215.136
186.947 215.19
186.046 215.247
185.166 215.309
184.134 215.382
183.092 215.45
182.242 215.504
181.086 215.554
180.158 215.612
179.044 215.669
178.027 215.736
176.91 215.785
175.912 215.855
175.098 215.899
173.886 215.959
173.206 215.987
172.184 216.025
171.196 216.077
170.169 216.16
169.485 216.212
168.392 216.297
167.461 216.367
166.427 216.423
165.568 216.496
164.227 216.551
163.383 216.664
162.309 216.716
161.258 216.758
160.357 216.848
159.528 216.944
158.293 217.058
157.148 217.103
156.443 217.148
155.327 217.179
154.53 217.266
153.525 217.318
152.524 217.386
151.572 217.463
150.565 217.543
149.6 217.594
148.484 217.688
147.582 217.774
146.649 217.858
145.734 217.947
144.682 218.016
143.645 218.069
142.467 218.169
141.543 218.244
140.549 218.318
139.46 218.392
138.404 218.45
137.337 218.498
136.343 218.558
135.228 218.579
134.499 218.614
133.208 218.686
132.301 218.718
131.577 218.763
130.285 218.803
128.948 218.852
128.301 218.888
127.12 218.956
126.351 219.03
125.25 219.137
124.205 219.195
122.946 219.243
121.989 219.291
121.037 219.313
120.122 219.358
119.125 219.382
117.832 219.448
116.874 219.489
116.183 219.505
115.073 219.551
114.046 219.563
113.09 219.616
112.204 219.622
111.189 219.644
110.335 219.665
109.367 219.704
108.357 219.733
107.238 219.761
106.324 219.768
105.283 219.79
104.238 219.82
103.406 219.844
102.436 219.857
101.417 219.868
100.599 219.9
99.6321 219.912
98.5658 219.926
97.6323 219.917
96.5793 219.883
95.5361 219.835
94.6157 219.85
93.7128 219.865
92.9244 219.871
91.9244 219.881
91.1742 219.878
90.2613 219.912
89.2756 219.931
88.3198 219.983
87.1605 220.006
85.8851 220.093
85.0539 220.101
83.8483 220.15
83.0368 220.173
81.6929 220.186
80.8112 220.242
80.0736 220.287
79.1345 220.298
78.3774 220.323
77.0082 220.481
76.2313 220.499
75.2255 220.556
73.8176 220.495
73.0021 220.569
72.1001 220.63
70.8485 220.534
70.1042 220.598
69.1059 220.702
68.2384 220.776
67.2132 220.917
66.3487 220.986
65.1063 221.092
64.1846 221.18
63.2697 221.368
62.5385 221.515
61.5709 221.656
60.4846 221.883
59.5659 222.076
58.6302 222.296
57.766 222.485
56.8886 222.759
55.8862 223.101
54.8202 223.519
53.9176 224.006
53.2175 224.301
52.3779 224.658
51.4848 225.219
50.7069 225.607
49.724 226.16
48.9219 226.605
48.087 227.189
47.3846 227.791
46.5628 228.469
45.8078 229.178
45.0151 230.029
44.6907 230.438
43.9364 231.466
43.3398 232.246
42.9829 232.81
42.0064 234.142
41.6978 234.715
41.3265 235.417
40.974 236.192
40.4146 237.29
40.1801 237.9
39.7854 238.942
39.5832 239.573
39.1357 241.208
38.9435 242.11
38.6927 243.212
38.546 244.153
38.4394 245.104
38.3213 246.033
38.2943 246.995
38.2437 247.862
38.2451 249.122
38.2239 249.98
38.2368 251.206
38.2073 252.03
38.1902 253.097
38.1767 253.997
38.1395 254.956
38.1197 256.045
38.0785 256.993
38.0676 257.97
37.994 258.861
37.9776 259.951
37.939 260.866
37.8875 261.752
37.8339 262.741
37.7638 264.043
37.719 264.582
37.6383 265.756
37.5797 266.696
37.5095 267.598
37.4831 268.748
37.4216 269.845
37.3691 270.669
37.3071 271.721
37.2266 272.619
37.1204 273.48
37.0739 274.585
37.0257 275.45
36.9717 276.345
36.8977 277.365
36.8003 278.514
36.7261 279.399
36.6723 280.447
36.5623 281.299
36.5135 282.389
36.3874 283.33
36.3099 284.233
36.2337 285.228
36.1626 286.25
36.0695 287.147
36.1112 288.213
36.0648 289.348
35.9745 290.16
35.8017 291.184
35.7316 292.111
35.6807 292.945
35.6191 293.889
35.5337 294.863
35.4667 295.791
35.3758 296.692
35.2301 297.684
35.1566 298.655
35.0859 299.487
35.1362 300.732
35.0839 301.435
34.9772 302.614
35.0276 303.628
35.0409 304.434
35.1422 305.687
35.2084 306.527
35.3134 307.47
35.4394 308.326
35.5597 309.154
36.0969 310.387
36.2356 310.976
36.8187 312.176
37.0951 312.933
37.4471 313.774
37.7783 314.589
38.2464 315.519
38.728 316.429
39.2172 317.25
39.905 318.111
40.5516 318.877
41.2408 319.658
42.0227 320.48
42.7164 321.212
43.41 321.901
44.0859 322.413
44.7446 322.855
45.1945 323.102
45.7062 323.37
46.3015 323.658
46.9194 323.932
47.4349 324.101
47.9058 324.243
48.6818 324.39
49.0993 324.47
50.2324 324.659
51.939 324.971
53.1587 325.229
53.8731 325.312
54.6808 325.394
55.6903 325.45
56.658 325.476
57.803 325.464
58.6942 325.514
59.6305 325.516
60.6254 325.539
61.4232 325.543
62.7544 325.48
63.7354 325.453
64.8841 325.419
65.9254 325.397
66.9237 325.374
68.0698 325.344
68.9648 325.302
70.0418 325.269
71.1258 325.244
71.9902 325.226
73.0384 325.197
73.8814 325.19
74.9852 325.221
76.1782 325.243
77.0934 325.257
77.8916 325.259
79.0828 325.263
79.8578 325.273
81.268 325.269
82.177 325.276
83.2318 325.265
84.0015 325.274
85.0842 325.302
86.2613 325.319
87.2515 325.337
88.276 325.373
89.5712 325.44
90.387 325.456
91.1825 325.463
92.4206 325.49
93.1405 325.502
94.1921 325.519
95.0557 325.543
95.8979 325.565
96.8712 325.594
97.6968 325.608
98.7633 325.605
99.7277 325.595
100.678 325.582
101.684 325.559
102.795 325.551
103.75 325.551
104.514 325.55
105.834 325.53
106.6 325.534
107.74 325.576
108.582 325.567
109.879 325.53
110.633 325.526
111.815 325.525
112.528 325.507
113.707 325.494
114.657 325.487
115.862 325.453
116.601 325.455
117.946 325.466
118.568 325.461
119.814 325.447
120.823 325.446
121.926 325.419
122.787 325.414
123.738 325.384
124.883 325.424
125.706 325.403
126.548 325.397
127.67 325.406
128.536 325.386
129.582 325.355
130.564 325.37
131.425 325.39
132.354 325.387
133.372 325.373
134.386 325.359
135.517 325.342
136.649 325.351
