0.565447 1
0.562402 0.812115
0.562011 1.14081
0.5624 0.858499
0.565 0.960029
0.574523 0.978856
0.579643 1.09495
0.587422 1.04776
0.594862 1.32799
0.601521 0.705341
0.613211 1.01712
0.626247 0.845999
0.648548 1.35599
0.665045 0.884379
0.676849 0.786854
0.684183 1.07012
0.692314 0.95186
0.710876 1.00123
0.734367 0.987196
0.760424 1.35719
0.776641 0.93749
0.788975 0.875765
0.803767 0.931901
0.821388 1.01872
0.833039 1.06906
0.846407 0.972216
0.860066 0.841598
0.881807 1.14023
0.901215 0.829233
0.920437 1.30747
0.934757 0.877405
0.953432 0.957257
0.97197 0.950586
0.976368 0.841444
0.983171 1.07746
0.988005 0.958518
1.00171 0.903979
1.00788 1.04456
1.01489 1.00076
1.02158 1.1305
1.02911 0.905361
1.0366 1.25434
1.04762 0.920935
1.0556 1.13424
1.0635 0.965514
1.06335 0.98196
1.07201 0.902318
1.07565 0.917086
1.07712 1.04251
1.07811 0.95139
1.07618 0.943251
1.07484 1.13115
1.06568 0.880842
1.06275 1.10348
1.07339 1.09298
1.07917 1.05019
1.07718 1.20415
1.07657 0.763836
1.07925 1.01575
1.07087 0.935427
1.07376 0.789766
1.07455 1.13883
1.06693 0.951359
1.0722 0.977468
1.07169 0.962502
1.08689 1.02375
1.08587 0.927524
1.08326 1.07126
1.0793 0.970015
1.07806 0.89595
1.07944 1.06694
1.08182 0.945405
1.08508 1.03759
1.09249 0.897524
1.08896 1.08407
1.0857 1.06461
1.08787 1.15479
1.08409 0.820139
1.08421 1.08543
1.08009 0.909629
1.07474 1.08537
1.06962 1.00533
1.06922 1.14782
1.0658 0.844467
1.07145 0.998711
1.06651 1.00064
1.0615 0.823222
1.05542 1.11066
1.04781 0.957662
1.03962 0.884273
1.02563 1.05254
1.01154 1.11105
0.994416 0.892969
0.972842 0.956477
0.953811 0.917122
0.931404 1.0074
0.906557 0.920935
0.885831 0.977958
0.862623 1.0075
0.840084 0.892545
0.815312 1.05228
0.787128 0.874425
0.761232 0.954821
0.728648 1.06303
0.699411 0.850665
0.666545 0.911327
0.638728 0.9178
0.607369 1.01079
0.585379 1.07565
0.564508 0.969134
0.539791 0.97741
0.517941 0.818016
0.494971 1.57181
0.474419 0.581616
0.451073 1.03123
0.432219 0.887587
0.421579 0.945282
0.412924 1.10781
0.402521 0.691989
0.401532 0.982517
0.388503 0.897654
0.388769 1.15939
0.37607 0.916673
0.380488 0.994646
0.365505 0.815009
0.368796 0.672385
0.365003 1.85829
0.35403 0.90342
0.360766 0.896921
0.345644 0.835977
0.351582 1.17627
0.339898 1.28051
0.351821 0.927112
0.345618 1.09492
0.359996 0.960396
0.362372 0.947921
0.357764 0.877177
0.37508 0.822226
0.369365 0.624923
0.380813 0.640957
0.380343 0.450283
0.388991 0.692305
0.392223 0.530996
0.392995 0.816735
0.409603 1.78783
0.419557 0.554146
0.435721 1.06255
0.445187 0.949058
0.465939 1.32001
0.484775 0.974719
0.500221 0.80047
0.520626 1.15032
0.535857 0.962899
0.554252 1.15852
0.573126 0.589111
0.592429 1.23481
0.618495 1.33911
0.643495 0.902492
0.65739 0.773885
0.676671 1.37745
0.688983 0.972
0.710309 1.03034
0.723267 0.673014
0.739018 1.29262
0.756431 1.24496
0.765927 0.738062
0.777549 1.27545
0.780624 0.836336
0.786938 0.971279
0.798461 1.07814
0.806728 1.15458
0.816865 1.04749
0.818133 0.970611
0.822332 0.829333
0.831375 1.00879
0.838906 1.10847
0.841932 1.01499
0.844363 0.962606
0.845488 1.02152
0.838595 0.855818
0.831646 1.05225
0.821709 0.938515
0.823437 1.14545
0.832373 0.982981
0.831999 1.05189
0.822201 1.06909
0.813454 0.714382
0.812768 1.19073
0.80657 1.35021
0.804761 0.664107
0.800536 0.996806
0.796778 0.831454
0.795118 1.14882
0.791122 1.04485
0.783787 0.809727
0.781779 1.26474
0.772199 1.06047
0.773932 1.1125
0.768851 1.19893
0.761304 0.901283
0.750529 1.12307
0.734259 0.802559
0.715625 1.1282
0.705947 1.03704
0.701544 1.05276
0.698238 0.670976
0.695649 0.827713
0.695621 1.07886
0.689436 1.06905
0.686295 0.873045
0.684931 1.30568
0.676279 0.623949
0.673956 0.965657
0.670373 1.05238
0.666725 0.866467
0.661556 0.902004
0.663547 1.06043
0.671661 1.09363
0.674411 1.0588
0.679717 0.948331
0.683197 0.992541
0.691437 1.32398
0.700699 0.812451
0.713769 1.02323
0.727632 1.21851
0.729465 0.869867
0.732821 0.91592
0.738081 0.864998
0.746339 0.776327
0.749499 1.18161
0.753065 1.089
0.756652 1.03607
0.752348 0.963375
0.760161 0.857668
0.748084 1.0646
0.749058 0.899252
0.746122 0.792131
0.75363 0.822306
0.755834 0.979618
0.761022 1.03526
0.75999 1.0841
0.765275 0.851194
0.770521 0.788353
0.777522 1.47855
0.781224 0.836773
0.786753 0.935835
0.791435 1.12908
0.797644 0.994141
0.801542 1.04979
0.804361 1.05759
0.810002 0.968782
0.815099 0.868393
0.825725 1.48951
0.831937 0.915777
0.83867 1.12891
0.841501 1.02792
0.845902 0.987428
0.855984 1.1019
0.85616 0.928533
0.856358 1.02532
0.853837 0.83
0.854434 1.11395
0.857672 0.755378
0.867532 1.3621
0.8718 0.735232
0.872169 1.03451
0.866134 0.960586
0.870142 0.920302
0.869802 0.968094
0.868637 1.06143
0.860751 1.05588
0.861373 0.960525
0.858673 1.19261
0.858584 0.895864
0.85525 0.925136
0.846481 0.784536
0.84 1.39952
0.83605 0.878247
0.834006 0.842271
0.831964 1.21701
0.82367 0.952746
0.818835 1.07833
0.813928 1.09935
0.810696 0.974568
0.805096 0.908808
0.797233 1.02052
0.792218 1.00305
0.786708 1.1561
0.785555 1.0221
0.781216 1.09811
0.778816 0.921907
0.771056 0.910998
0.765852 0.721148
0.767007 1.23235
0.770966 1.05437
0.775673 0.982715
0.765942 0.894557
0.757564 0.606543
0.754984 1.27657
0.752024 1.0411
0.74966 1.11359
0.745396 0.810473
0.744076 1.25465
0.745993 0.947912
0.747977 0.970468
0.739971 0.658885
0.738227 1.49246
0.73101 0.889773
0.729243 0.971714
0.726539 0.931383
0.726858 0.988207
0.725008 1.10531
0.72419 0.885308
0.721471 1.05753
0.722433 0.676178
0.719674 0.917483
0.714828 1.09208
0.715818 1.0503
0.713675 1.11351
0.709447 0.810413
0.704484 0.953635
0.693307 0.890053
0.690333 1.08914
0.688055 1.18086
0.688517 0.887959
0.683583 1.26904
0.671409 1.05328
0.664812 0.880156
0.660245 0.974835
0.658358 1.16617
0.654346 1.14875
0.647477 0.737944
0.641188 1.12692
0.637627 0.622483
0.634878 1.2086
0.631396 0.872008
0.620147 1.01267
0.611029 1.1845
0.605466 0.945898
0.602634 1.02386
0.594729 1.06359
0.595429 0.858186
0.590127 0.837444
0.588293 1.05749
0.583452 0.952849
0.578669 1.25275
0.577722 0.969396
0.572544 1.13772
0.571378 0.880155
0.566994 1.05547
0.561229 0.994081
0.561839 1.20371
0.558682 1.00883
0.560551 1.00523
0.557524 0.97763
0.557954 1.0806
0.550286 0.856841
0.546989 0.919197
0.544073 0.886334
0.538906 0.875796
0.53425 0.901694
0.528814 0.840859
0.526729 0.931829
0.521193 0.977319
0.522517 0.755949
0.516321 0.806192
0.505231 1.26307
0.505636 0.850856
0.499452 0.985694
0.495216 0.988497
0.492822 0.965983
0.488305 0.921718
0.488714 1.13012
0.486431 0.888787
0.483916 0.926198
0.479025 0.851919
0.476586 1.08875
0.479202 0.796036
0.487556 1.06282
0.498327 0.95007
0.50724 1.09691
0.514922 0.766325
0.523949 0.953285
0.532357 0.982709
0.539034 1.22738
0.547921 0.970466
0.555711 0.775976
0.559684 1.03404
0.56563 1.05158
0.57117 1.00682
0.576646 1.00761
0.575356 1.02195
0.577266 1.13736
0.575124 1.04593
0.572258 0.912942
0.569167 1.00584
0.569249 1.00718
0.565072 1.01099
0.563882 1.02167
0.559655 1.03635
0.548331 0.92203
0.539964 0.968669
0.530227 1.07329
0.516228 0.953409
0.503518 0.895051
0.491626 0.9275
0.477476 0.87569
0.457879 0.755943
0.438712 0.847406
0.424053 0.819937
0.413723 1.19999
0.407641 1.00115
0.403206 0.957798
0.395141 0.920748
0.398526 0.899126
0.394491 1.01626
0.390678 0.544159
0.390177 1.44423
0.376787 0.810867
0.38404 0.927626
0.38251 0.963049
0.368445 0.797019
0.377288 0.869889
0.362947 0.867033
0.376314 1.20117
0.382625 0.961209
0.373606 0.701898
0.400597 1.05839
0.387998 0.804632
0.417057 0.588649
0.401423 1.51977
0.435442 0.827008
0.449663 1.28927
0.435288 0.784225
0.480507 0.873639
0.471377 1.12228
0.511047 0.727928
0.523697 0.776454
0.518584 1.70333
0.557814 0.638661
0.559032 0.979417
0.594202 0.925036
0.606456 1.15179
0.622303 0.942392
0.649495 1.0646
0.658562 1.31623
0.682877 1.30654
0.693665 0.753004
0.712167 0.894957
0.728442 1.24233
0.747544 1.03596
0.762302 0.898677
0.773831 0.970093
0.792325 1.11211
0.80712 0.84488
0.817192 1.14412
0.825335 0.868985
0.841138 1.08999
0.854146 0.980735
0.86827 0.914855
0.87844 1.10382
0.893886 1.32281
0.901394 1.12279
0.911234 0.968681
0.912793 0.924582
0.912445 0.79948
0.911237 1.15103
0.913226 0.736509
0.917838 0.993881
0.917439 1.00379
0.915189 0.702833
0.915916 1.12469
0.918294 0.917142
0.972586 0.95708
0.867188 1.06731
0.919425 0.931252
0.920127 1.31164
0.922771 0.804498
0.920175 0.805247
0.917534 1.25602
0.916859 0.719294
0.917274 1.1831
0.916334 1.06863
0.911911 1.03545
0.907069 0.876575
0.901921 1.12231
0.891301 1.08936
0.886472 0.991459
0.877339 1.08997
0.867182 0.789239
0.854562 1.01995
0.833894 0.983329
0.830277 1.12476
0.787904 0.873209
0.786722 1.12411
0.767712 1.00875
0.750896 0.820449
0.73026 1.18003
0.706255 0.882978
0.680667 0.881144
0.653723 1.03505
0.62722 1.03796
0.60168 1.06371
0.578381 0.724359
0.552109 1.25665
0.532463 0.724962
0.512882 0.960902
0.497757 0.807126
0.484612 0.977653
0.481533 0.776253
0.46526 1.11058
0.469089 0.804681
0.464976 1.10059
0.456453 0.761002
0.450297 1.06629
0.435252 0.879801
0.440661 0.881829
0.436961 1.05508
0.422949 1.36992
0.430431 0.776657
0.413537 0.858982
0.421001 1.57494
0.41682 0.685746
0.401941 1.05281
0.414192 1.46602
0.399842 0.937987
0.405819 1.17084
0.402547 1.11619
0.393433 1.15965
0.393042 1.30773
0.387377 1.10745
0.384638 0.934518
0.381059 1.16691
0.38417 0.801393
0.376645 0.851731
0.386536 0.993426
0.370831 0.850989
0.369538 0.875977
0.382479 1.28218
0.360425 0.77651
0.380789 0.957655
0.36167 1.10398
0.385945 1.38511
0.370254 0.782528
0.374508 1.04481
0.392096 1.20763
0.382493 0.793598
0.398972 1.11535
0.404496 1.09456
0.41936 0.972471
0.427915 0.857918
0.443595 0.736021
0.453595 1.20289
0.467451 0.878643
0.484028 1.53869
0.504268 0.871182
0.529544 1.41689
0.549633 0.617639
0.568096 1.62957
0.584719 0.682297
0.602525 0.966923
0.621944 1.17871
0.641114 0.974679
0.656542 1.07889
0.679182 0.972699
0.694832 0.925558
0.713004 1.57664
0.73133 0.912381
0.749226 1.02223
0.767313 0.881782
0.785615 0.743055
0.801246 0.897738
0.816902 1.17039
0.834784 0.99334
0.852666 0.904123
0.864004 1.11211
0.873178 1.13119
0.875957 1.28745
0.881223 0.677346
0.881104 0.763356
0.882106 0.911403
0.88255 1.12178
0.884744 0.954251
0.890585 1.01151
0.890944 0.960846
0.895254 0.965335
0.896144 1.04539
0.898086 0.986662
0.900122 1.12152
0.898346 0.972405
0.898829 0.967971
0.899855 0.80107
0.895801 0.972933
0.893606 0.858008
0.897462 0.907869
0.902737 0.810448
0.89808 1.18326
0.897103 1.05211
0.898041 0.850277
0.898483 0.861502
0.898348 1.17513
0.895263 0.801208
0.91735 0.955263
0.868705 1.38648
0.889097 0.791574
0.886032 1.31479
0.882761 1.24669
0.884667 0.878038
0.880802 1.01571
0.879778 1.33477
0.8793 0.775
0.873924 0.838988
0.879631 1.07825
0.873 0.937434
0.876055 1.16597
0.879844 0.770986
0.88349 1.17553
0.88775 0.93116
0.89339 1.18895
0.896998 0.680832
0.892096 1.31276
0.903912 0.667187
0.907454 1.25827
0.908618 1.15514
0.910818 0.82094
0.912249 0.923704
0.924378 1.49215
0.925175 0.759909
0.930004 0.852445
0.933012 1.43578
0.937023 0.776414
0.950677 1.30949
0.939108 0.560345
0.950494 1.23202
0.955958 0.737529
0.957395 1.16945
0.964314 0.97913
0.963906 1.32944
0.970221 0.861252
0.974946 1.00937
0.979015 1.10582
0.983181 0.793444
1.00497 0.99428
0.969358 0.938173
0.981273 1.18176
0.981441 0.903702
0.978583 0.893507
0.977045 1.13343
0.975248 0.972349
0.973197 1.26629
0.975259 0.764486
0.975317 0.910336
0.976437 1.25723
0.975317 1.02013
0.974374 0.786469
0.976526 1.08835
0.973898 0.98103
0.973993 1.01199
0.976279 0.904031
0.974204 0.881885
0.976128 1.03554
0.973369 1.04564
0.973886 0.852234
0.97805 1.15745
0.973462 0.93062
0.976063 1.11639
0.971108 1.02064
0.972692 1.11853
0.972043 1.00236
0.972317 0.815722
0.967913 1.21488
0.96698 0.680339
0.967854 1.02375
0.967829 0.989403
0.976136 1.0316
0.970426 0.685852
0.971297 1.09672
0.969746 0.934235
0.968707 1.03705
0.973863 0.863297
0.972132 1.34241
0.986483 0.853207
0.949974 1.07601
0.969216 1.05247
0.975952 0.905428
0.976466 0.835706
0.98289 1.24082
0.973324 1.14654
0.974883 0.706419
0.980383 1.11716
0.98412 0.801244
0.985004 1.00755
0.981552 1.00401
0.97965 0.955721
0.978606 1.01159
0.981002 0.966151
0.99019 1.1207
0.991471 0.907108
0.992804 0.937321
0.989062 0.919718
0.989692 1.05502
0.993691 1.03867
0.993464 1.18413
0.994946 0.928024
0.993544 0.997226
0.995064 1.09242
0.997947 1.05831
0.999669 1.06885
1.00141 0.996851
1.00567 1.11681
1.00534 0.73018
1.00506 1.29414
1.00333 0.908138
1.00589 0.725727
1.00467 1.29362
1.00566 1.33836
1.0039 0.649138
1.0033 1.18329
1.00133 0.773483
0.99632 1.10737
0.996597 1.04803
0.99129 1.26196
0.992739 0.958381
0.9868 0.952933
0.978485 0.916316
0.978575 0.998144
0.97672 1.29601
0.980926 0.95958
0.973629 0.691421
0.967741 1.11152
0.964063 1.02828
0.960141 0.957934
0.960432 0.887013
0.959192 1.01694
0.955996 0.854538
0.950621 0.969114
0.93718 1.01116
0.937636 1.12068
0.926495 0.915638
0.919426 1.04142
0.90618 1.04786
0.90216 0.83282
0.90401 0.970886
0.878611 1.0192
0.879529 0.820017
0.872245 0.967026
0.862329 1.06705
0.849954 0.934249
0.839761 1.05408
0.823036 1.04498
0.808042 0.921476
0.790342 0.904058
0.777669 0.789057
0.76458 1.00067
0.755597 0.750454
0.747723 0.913834
0.7394 0.98628
0.734732 0.958102
0.72606 1.15966
0.721272 1.28132
0.715853 0.832056
0.70909 1.20756
0.708861 0.8122
0.677983 1.34541
0.679447 0.88534
0.671398 0.739671
0.661315 0.939688
0.650148 0.757621
0.636214 1.38048
0.622499 0.777136
0.606692 1.00778
0.591271 1.41052
0.571997 0.819092
0.556014 0.904796
0.539866 1.25619
0.526505 0.747949
0.509394 1.00424
0.49599 0.871325
0.484355 1.03522
0.471848 0.869751
0.459045 1.2487
0.447733 0.926126
0.435103 0.94049
0.421065 0.746145
0.409431 0.978589
0.400452 1.10997
0.388897 0.9387
0.377582 0.961559
0.362402 0.884548
0.350557 0.920997
0.342011 1.05967
0.342007 1.1452
0.339388 1.02575
0.355698 0.75991
0.330323 0.912518
0.341579 1.05576
0.333587 0.870515
0.333032 1.12751
0.330844 0.917492
0.317045 1.01896
0.328211 0.924822
0.318552 1.06595
0.341391 1.03594
0.340325 1.16626
0.367946 0.52154
0.378513 1.27765
0.371423 0.981337
0.393574 0.669226
0.389244 1.65188
0.415432 0.651443
0.411143 0.795387
0.437715 0.85182
0.444925 1.23314
0.472385 0.653282
0.49562 1.11515
0.510992 0.663102
0.523085 1.69557
0.526535 0.923308
0.562178 1.13331
0.574371 0.952425
0.583064 0.958605
0.610602 0.938001
0.617614 0.963479
0.641195 0.870635
0.653704 1.26004
0.668342 0.860587
0.6875 1.2285
0.702743 0.825725
0.717772 1.06928
0.72839 0.902283
0.744021 0.960798
0.761147 1.09101
0.775139 0.949683
0.786472 0.979743
0.79092 0.897238
0.798708 1.09133
0.803681 0.916891
0.810708 0.889811
0.812359 0.991969
0.811155 1.3057
0.810816 0.54254
0.811427 1.17756
0.818142 0.943843
0.823878 0.906469
0.828708 1.1515
0.826567 1.10064
0.825919 0.826417
0.825354 1.05557
0.822882 0.903363
0.823653 0.869853
0.819826 1.10732
0.815568 0.86739
0.813457 0.89815
0.812076 1.0242
0.807231 1.15454
0.801787 0.889802
0.794022 1.05066
0.791028 0.859732
0.782768 1.09449
0.773502 0.951856
0.758488 0.907949
0.742778 0.999463
0.723074 1.02572
0.705981 0.90295
0.688942 1.07263
0.669511 1.13761
0.654288 0.81705
0.635295 1.04001
0.609509 0.930072
0.589738 0.837276
0.567227 0.948666
0.549031 0.977098
0.527758 0.93418
0.507096 0.907217
0.485188 1.00566
0.464359 0.976014
0.450834 0.836693
0.443282 1.24752
0.439201 0.70597
0.439932 1.18459
0.432873 1.01633
0.434739 0.806385
0.42141 1.25812
0.420015 0.843944
0.420679 0.949805
0.405242 0.866854
0.415833 0.838543
0.398135 1.34592
0.408843 0.606823
0.387084 1.33567
0.404248 0.807812
0.385871 0.91709
0.38746 0.882135
0.367095 1.0416
0.382267 1.03236
0.3872 0.96039
0.375098 1.10273
0.397681 1.00437
0.377927 1.04402
0.401285 1.13569
0.388666 1.01735
0.41141 0.979519
0.415135 0.8503
0.400712 0.793207
0.425705 0.513908
0.421335 0.579937
0.449377 0.664388
0.468197 0.67794
0.462781 0.544847
0.486524 0.494603
0.491226 0.793515
0.508207 0.425769
0.522478 1.15108
0.542159 1.73862
0.563889 1.2474
0.572572 0.722558
0.58844 0.812826
0.599915 1.01253
0.614464 0.971274
0.636534 1.1465
0.650434 0.893043
0.671597 0.937306
0.684972 0.995914
0.698728 0.799469
0.71167 1.33394
0.725603 0.982601
0.745026 1.15067
0.764976 1.04286
0.779666 0.999923
0.792235 1.14793
0.797651 0.897245
0.808229 1.0787
0.812556 1.08579
0.804145 0.865603
0.804236 1.04956
0.805928 0.844212
0.809024 1.10541
0.808594 1.19456
0.813268 0.91623
0.811818 0.79946
0.816865 1.1925
0.833858 0.77615
0.811899 1.41241
0.823051 0.91065
0.820311 1.05698
0.82244 0.770811
0.824967 1.08475
0.82679 1.17862
0.827309 0.991926
0.828237 1.02648
0.825677 1.2983
0.826962 0.8172
0.824539 0.796567
0.823807 1.2397
0.822097 0.721091
0.819193 1.05328
0.816154 0.864868
0.815254 0.843532
0.815456 0.974891
0.811219 0.827041
0.806128 1.06809
0.798901 0.965628
0.796062 0.950824
0.792328 1.00864
0.791907 1.11267
0.790077 0.956277
0.785438 0.764969
0.786983 1.3215
0.78471 0.767179
0.782445 1.14131
0.769195 0.843977
0.769231 1.30032
0.767763 0.754265
0.765252 1.18367
0.764912 0.714792
0.762081 1.18062
0.761259 0.951035
0.758273 1.20666
0.754383 0.740046
0.747624 1.34639
0.746161 0.622918
0.746217 1.24746
0.755325 1.01032
0.731055 1.10637
0.72819 0.863076
0.715775 0.953552
0.723397 1.14709
0.72899 0.825558
0.727212 0.844412
0.720516 1.12429
0.714289 0.868538
0.710609 1.04758
0.707017 0.98369
0.704332 0.863439
0.698084 0.931048
0.694576 1.02001
0.693661 1.01613
0.687509 1.13348
0.682318 1.13363
