1.11022e-16 2.22045e-16
0.358894 0.932793
0.277395 1.4064
0.194228 2.54478
-0.0679788 3.4223
-0.263752 4.56621
-0.27862 5.43235
-0.3879 6.36125
-0.614562 7.78999
-0.715615 8.63475
-0.783258 9.68252
-0.476061 11.3389
-0.682362 11.8115
-0.839817 13.2477
-0.842412 14.3103
-0.844136 15.1417
-1.15197 16.4675
-1.14463 17.231
-1.0075 18.5897
-1.03679 19.3502
-0.89621 20.9096
-0.928972 21.6265
-0.972819 22.6388
-0.999534 23.4842
-1.03796 24.5055
-1.07154 25.5177
-1.06941 26.5918
-1.07849 27.5352
-1.10872 28.4389
-1.0733 29.8924
-1.12938 30.7438
-1.22009 31.7243
-1.24626 32.8763
-1.22923 33.6316
-1.24548 34.735
-1.29992 36.0399
-1.31723 36.8221
-1.33934 37.8272
-1.40218 38.8085
-1.41784 39.7549
-1.4317 40.6871
-1.45677 41.8607
-1.47274 42.6636
-1.50825 43.5974
-1.51856 44.7444
-1.56795 45.6289
-1.54236 46.7984
-1.56695 47.5104
-1.62509 48.7458
-1.6364 49.7006
-1.65523 50.8807
-1.66514 51.5245
-1.70342 52.7936
-1.75244 53.704
-1.80441 54.8438
-1.81046 56.0117
-1.82226 56.6316
-1.86753 57.9751
-1.85915 58.9162
-1.90306 59.7078
-1.93341 60.5993
-1.87638 62.4699
-1.8953 62.8697
-1.9251 63.8688
-1.98493 65.3493
-1.96946 66.4882
-1.9809 66.8935
-2.00621 67.8777
-2.02481 69.0957
-2.12096 70.2776
-2.15811 71.3443
-2.19052 72.3358
-2.21317 73.0492
-2.28912 74.4151
-2.32176 75.053
-2.37827 76.5555
-2.39618 77.3422
-2.45648 78.2779
-2.46704 79.2369
-2.46818 80.2166
-2.46619 81.1351
-2.52406 82.0731
-2.91599 84.6368
-2.91987 85.2549
-3.03746 86.2428
-3.04466 86.9927
-3.19598 88.3761
-3.24673 89.4659
-3.27959 90.4907
-3.30197 91.5067
-3.32526 92.4836
-3.34777 93.4845
-3.3878 94.5766
-3.38738 95.4044
-3.4466 96.3488
-3.46511 97.3356
-3.49117 98.3457
-3.51428 99.3167
-3.52575 100.312
-3.70807 101.512
-3.74869 102.274
-3.86345 103.392
-3.8961 104.14
-3.90499 105.104
-3.98678 106.179
-4.10192 107.181
-4.10144 108.302
-4.1883 109.061
-4.2868 109.989
-4.32484 110.928
-4.37954 111.876
-4.49891 112.896
-4.4682 114.547
-4.48417 115.088
-4.49636 115.947
-4.50294 117.201
-4.42743 118.146
-4.42728 118.784
-4.40975 119.86
-4.34298 120.248
-2.62218 124.942
-2.45496 125.533
-2.37252 125.926
-2.27667 126.669
-0.0215613 131.032
0.105515 131.361
4.84426 132.713
5.80081 133.071
5.84984 133.159
10.3708 135.294
10.419 135.382
10.9705 136.288
15.8854 136.822
15.9189 136.915
18.582 141.132
18.2744 143.402
18.6123 143.718
18.6549 145.534
19.008 145.796
19.724 146.263
19.6003 149.547
19.655 150.375
19.4297 152.693
19.6358 152.711
20.9466 152.384
21.6132 152.418
23.0431 152.256
23.7259 152.238
23.8702 155.275
24.0875 156.581
24.4614 156.52
25.3654 156.401
26.8289 156.076
27.5774 155.993
29.3329 155.32
30.1105 155.092
30.5106 155.068
33.6803 151.252
33.8554 151.453
34.1563 151.486
37.1803 150.542
40.6977 148.706
41.2731 148.224
41.3723 148.226
42.3766 148.196
43.1678 148.16
44.3406 148.129
45.0999 148.1
46.4338 148.092
47.155 148.046
48.529 147.983
49.2306 147.954
50.5152 147.843
51.8424 147.819
52.6606 147.778
53.6677 147.729
54.6099 147.681
55.5668 147.635
58.3484 147.753
58.8466 147.737
59.4236 147.71
61.5111 147.704
62.0439 147.667
63.4053 147.605
64.4781 147.588
65.2492 147.538
66.2652 147.497
66.8545 147.46
67.8701 147.403
70.372 147.395
70.6544 147.375
73.1885 147.193
74.011 147.165
74.7274 147.11
75.8768 147.022
76.2417 146.991
78.8698 146.871
80.3167 146.779
80.9108 146.739
82.2499 146.669
82.8476 146.631
86.3586 146.563
86.6826 146.525
87.8829 146.428
89.0214 146.362
90.2111 146.317
90.7442 146.269
91.6998 146.188
93.1961 146.002
93.9718 145.949
94.9203 145.889
95.5996 145.833
97.4338 145.743
98.1571 145.69
98.9351 145.578
100.6 145.522
100.938 145.485
102.524 145.27
104.538 145.09
105.987 144.962
106.624 144.897
108.401 144.748
108.945 144.677
110.083 144.544
110.884 144.456
111.798 144.343
113.058 144.194
114.931 143.953
115.298 143.895
116.797 143.694
117.974 143.563
118.881 143.434
120.005 143.288
121.102 143.112
121.819 143.02
123.037 142.84
123.965 142.705
125.539 142.495
126.837 142.316
127.336 142.244
128.334 142.083
129.44 141.807
130.792 141.515
131.547 141.384
133.339 140.866
133.942 140.799
135.609 140.588
136.755 140.383
137.074 140.331
139.947 139.923
140.484 139.849
141.973 139.568
142.962 139.443
144.219 139.224
145.115 139.027
145.815 138.916
146.867 138.769
148.138 138.51
149.002 138.372
150.155 138.143
150.816 138.044
151.984 137.883
153.016 137.746
153.452 137.681
155.172 137.523
155.84 137.428
158.042 133.001
158.372 132.952
159.509 128.088
159.633 128.078
163.183 127.969
163.417 127.946
164.387 127.862
165.363 127.78
166.436 127.678
167.332 127.659
168.416 127.614
169.061 127.562
170.478 127.448
171.412 127.378
172.027 127.313
173.152 127.213
174.381 127.162
175.148 127.101
175.911 127.046
176.389 127.029
179.075 126.785
179.52 126.741
181.418 126.583
182.462 126.472
183.512 126.406
184.655 126.302
185.378 126.241
187.077 126.084
187.817 126.021
188.699 125.933
189.809 125.834
190.465 125.761
191.472 125.636
192.56 125.475
193.686 125.349
194.512 125.236
195.482 125.066
196.761 124.934
197.552 124.813
198.421 124.687
199.943 124.364
200.986 124.187
201.586 124.088
202.788 123.884
203.743 123.682
204.999 123.365
205.904 123.201
206.902 123.01
207.887 122.795
208.432 122.703
210.219 122.278
211.536 121.9
212.447 121.657
213.442 121.359
214.466 121.098
215.345 120.828
216.28 120.565
217.26 120.239
218.286 119.927
219.8 119.321
220.471 119.108
221.582 118.768
222.396 118.535
223.181 118.236
223.801 118.089
224.53 117.903
225.486 117.681
226.39 117.484
227.111 117.353
228.157 117.107
228.873 116.971
230.38 116.689
231.103 116.557
231.913 116.412
232.685 116.283
233.795 116.07
234.561 115.956
235.84 115.74
236.676 115.649
237.633 115.529
238.542 115.42
239.577 115.303
240.609 115.259
241.421 115.229
242.441 115.221
243.227 115.213
244.312 115.253
244.61 115.268
248.372 115.637
249.583 115.712
250.586 115.767
251.426 115.773
252.56 115.768
253.387 115.743
254.641 115.741
256.053 115.748
256.757 115.709
258.22 115.182
258.697 115.123
259.261 115.021
260.823 114.809
261.888 114.649
262.708 114.547
264.056 114.235
265.047 113.989
265.876 113.899
266.794 113.812
267.992 113.576
269.178 113.324
269.667 113.278
270.719 113.197
272.374 112.868
273.338 112.658
274.091 112.524
275.217 112.342
276.217 112.144
277.006 112.03
277.875 111.926
279.001 111.775
280.203 111.579
281.46 111.343
282.327 111.182
283.585 110.825
284.683 110.532
285.803 109.998
286.402 109.85
287.477 109.613
288.299 109.447
289.549 109.101
290.527 108.903
291.389 108.658
292.591 107.966
293.313 107.72
293.832 107.67
295.707 106.165
296.165 106.132
296.952 105.847
298.229 105.445
299.369 105.204
300.103 105.011
301.304 104.768
302.361 104.549
302.996 104.359
304.256 104.002
305.297 103.811
306.425 103.768
307.451 103.725
308.21 103.615
309.305 103.502
310.4 103.424
311.283 103.389
312.389 103.391
313.511 103.401
314.711 103.578
315.793 103.809
317.131 104.095
318.096 104.258
319.069 104.423
320.046 104.67
320.979 104.956
321.907 105.312
322.986 105.715
324.003 106.131
324.606 106.449
325.629 107.054
326.566 107.618
327.219 107.974
328.233 108.63
329.323 109.387
329.403 109.473
330.84 110.822
331.333 111.478
332.507 112.67
333.182 113.461
333.702 114.197
334.607 115.284
335.373 116.209
335.778 117.201
336.02 117.887
336.665 119.154
337.08 120.102
337.34 120.695
338.576 122.075
338.775 122.545
339.168 123.61
339.455 124.696
339.647 125.329
340.151 126.674
340.354 127.375
340.614 128.254
340.783 128.9
341.883 132.332
342.203 133.223
342.367 133.766
342.702 134.96
343.002 135.877
343.326 136.833
343.805 138.756
343.911 139.097
344.251 140.255
344.602 141.497
344.961 142.566
345.16 143.224
345.403 144.103
345.694 145.059
346.097 146.822
346.233 147.271
346.588 148.555
346.888 149.604
347.114 150.374
347.708 152.661
347.882 153.24
348.592 158.171
348.653 158.383
348.97 159.498
349.301 160.668
349.795 162.187
350.084 163.065
350.277 163.861
350.563 164.844
350.635 165.127
350.937 166.198
351.392 167.803
351.657 168.758
351.895 169.583
352.675 172.194
352.842 172.751
353.056 173.536
353.493 175.153
354.078 178.073
354.126 178.262
354.462 179.673
354.839 181.174
354.892 181.373
356.133 186.215
356.388 187.54
356.426 187.682
357.308 192.385
357.433 195.376
357.455 195.473
358.115 198.039
357.695 202.973
357.718 203.07
358.873 207.932
358.921 208.146
359.187 209.405
359.249 209.647
359.476 210.612
355.94 213.951
355.967 214.139
355.99 214.237
356.038 214.929
356.384 216.592
356.253 219.909
356.121 224.903
356.216 225.737
356.17 225.825
356.241 220.833
356.361 221.18
358.222 216.594
358.208 216.71
357.765 218.118
357.626 218.435
354.541 222.37
353.93 223.102
353.358 224.169
352.484 225.096
350.798 226.538
349.941 227.544
349.087 228.167
347.93 228.43
347.38 228.732
346.664 229.19
347.381 231.72
347.285 231.746
346.676 231.806
344.45 236.283
344.232 236.406
340.33 235.696
340.23 235.682
339.316 235.594
338.352 235.498
337.256 235.407
336.081 235.245
334.983 235.033
334.103 234.874
332.724 234.533
331.987 234.389
330.878 234.203
329.784 233.927
328.842 233.713
327.161 233.054
326.595 232.893
325.14 232.411
324.183 232.048
322.931 231.714
321.98 231.447
321.23 231.188
320.321 230.949
318.759 230.414
318.147 230.257
316.455 229.691
315.824 229.55
314.89 229.316
313.936 229.078
312.504 228.833
311.733 228.654
310.392 228.358
309.583 228.228
308.972 228.089
307.657 227.885
306.548 227.522
305.845 227.375
304.268 226.884
303.625 226.764
302.336 226.556
301.605 226.454
300.523 226.376
299.495 226.261
298.497 226.049
297.348 225.814
296.482 225.715
295.641 225.595
294.164 225.494
293.448 225.393
292.51 225.213
291.519 225.029
290.403 224.877
289.627 224.761
288.622 224.586
286.912 224.169
286.01 224.059
285.007 223.842
284.383 223.821
283.692 223.746
281.13 223.136
280.695 223.077
278.114 222.667
277.4 222.584
276.541 222.482
275.672 222.414
274.373 222.157
272.815 221.869
271.805 221.678
270.908 221.49
270.384 221.379
268.242 220.604
267.977 220.558
266.981 220.426
266.009 220.312
264.633 220.166
263.615 220.019
262.616 219.953
261.953 219.906
260.849 219.753
258.437 219.649
257.9 219.517
255.539 218.166
255.2 218.136
253.411 218.029
252.541 217.936
250.216 217.607
249.827 217.559
248.494 217.484
247.565 217.384
246.853 217.327
244.934 217.036
244.211 216.971
243.599 216.871
242.061 216.72
241.09 216.613
240.57 216.521
238.874 216.282
237.462 216.12
236.841 216.028
235.849 215.921
234.625 215.794
232.369 215.253
232.205 215.229
230.609 215.03
229.571 214.853
227.447 214.657
226.522 214.57
226.356 214.544
225.156 214.366
222.85 214.028
220.785 213.637
220.233 213.564
219.476 213.451
218.319 213.295
217.701 213.202
215.682 212.911
215.465 212.864
211.136 211.978
210.412 211.86
208.874 211.665
208.142 211.59
206.84 211.404
204.759 211.097
204.235 211.032
203.415 210.915
202.03 210.778
201.104 210.679
200.395 210.556
199.273 210.359
198.084 210.249
197.009 210.137
195.654 209.854
194.974 209.762
194.097 209.64
192.981 209.454
192.149 209.295
191.551 209.239
189.473 208.966
188.396 208.921
187.519 208.789
186.466 208.655
185.649 208.532
184.483 208.372
183.958 208.261
182.658 208.017
181.145 207.787
180.232 207.66
179.239 207.516
178.29 207.363
177.75 207.274
176.376 207.157
175.674 207.02
174.281 206.913
172.972 206.813
172.3 206.732
171.098 206.546
170.115 206.41
169.078 206.299
167.983 206.071
167.058 205.843
165.976 205.73
165.288 205.643
163.854 205.37
162.975 205.316
162.49 205.27
161.14 205.182
159.727 204.948
159.073 204.817
157.613 204.628
156.456 204.495
155.602 204.348
154.734 204.179
151.914 202.497
151.309 202.354
150.43 202.205
149.456 201.997
148.502 201.832
147.367 201.637
146.859 201.55
144.885 201.135
143.894 200.974
142.836 200.812
141.599 200.587
140.827 200.47
139.905 200.323
138.883 200.154
137.685 199.973
136.969 199.844
135.929 199.688
134.566 199.472
133.536 199.338
132.894 199.229
131.699 199.055
131.102 198.929
129.259 198.7
127.901 198.273
127.37 198.196
126.768 198.074
125.009 197.808
124.322 197.674
123.677 197.56
121.787 197.336
121.436 197.262
119.224 196.938
117.838 196.544
117.481 196.467
116.519 196.295
114.82 195.954
114.028 195.767
113.032 195.569
112.513 195.473
110.564 195.086
109.796 194.959
106.9 199.02
106.741 198.992
105.87 198.818
104.781 198.647
102.122 194.428
102.018 194.41
100.283 194.177
99.6786 194.066
98.9251 193.907
97.7219 193.66
96.559 193.464
96.1144 193.396
92.6758 192.995
91.9468 192.875
91.4165 192.787
90.1524 192.627
88.1139 192.117
87.764 192.037
84.9669 191.736
84.6421 191.68
83.587 191.473
82.8853 191.368
80.2426 191.065
79.3046 190.973
76.0261 190.305
75.1916 190.271
73.9869 190.129
72.1983 190.618
72.0992 190.607
68.1177 187.585
68.0188 187.573
67.0213 187.54
62.4301 187.58
60.8486 187.731
60.5211 187.652
57.6147 188.216
57.325 188.214
53.1208 188.637
52.0793 190.344
51.8546 190.379
51.5075 190.372
47.8307 191.571
47.1182 191.783
45.5672 192.415
44.9321 192.662
42.3592 190.518
42.0535 190.705
41.9132 190.748
38.045 193.898
37.8064 194.106
33.8045 196.808
33.1795 197.326
32.5239 197.965
31.6163 198.849
31.302 199.277
29.8595 200.705
29.393 201.392
24.7585 199.679
24.696 199.777
23.8342 201.038
23.1723 202.303
22.7473 203.082
22.3151 203.964
22.0935 204.526
21.3521 206.355
20.8418 207.411
20.586 208.27
20.3049 209.471
20.0186 210.277
15.3342 208.64
15.3232 208.87
15.1519 210.066
16.3146 212.223
16.2461 212.485
14.0789 212.817
14.0077 213.217
13.8267 214.551
13.6626 215.824
13.6172 216.022
13.2271 220.643
13.1413 220.971
12.9193 221.736
16.0564 225.506
16.0315 225.602
15.0874 229.35
14.9678 229.94
14.3414 231.721
14.224 232.932
14.0572 233.453
13.8552 234.567
13.8121 235.222
13.7281 237.455
13.4835 238.599
13.2469 239.217
12.9774 240.351
12.9059 240.687
12.6157 242.433
8.01314 241.163
7.929 241.192
8.14523 246.186
8.55593 247.224
8.62778 247.891
8.50882 249.148
8.73359 250.707
8.75216 250.97
7.87332 252.154
7.59191 252.449
11.2605 255.84
11.3384 255.777
9.56597 256.875
10.3718 256.003
11.3078 255.615
11.1773 256.577
10.9738 257.97
10.9938 258.432
10.83 260.644
10.7785 261.866
10.7971 262.293
10.8786 263.425
10.4215 264.849
10.3819 265.291
10.431 266.237
9.91779 268.041
9.80155 268.877
12.3892 270.427
12.4013 270.716
12.5295 271.458
14.2234 274.921
14.2587 275.015
14.4678 276.304
10.481 279.3
10.3764 279.481
10.6402 280.287
15.1668 282.375
15.6028 282.6
15.8322 282.926
16.4857 283.63
16.7275 284.473
16.9898 284.997
17.4915 285.743
17.807 286.192
18.2529 286.848
23.1871 286.402
23.265 286.516
24.5134 287.455
26.0535 288.758
27.0139 289.57
27.6989 290.014
28.6416 290.577
29.7669 291.129
30.4494 291.402
31.4129 291.796
32.3394 292.111
33.1523 292.325
34.4347 292.642
35.4438 292.78
36.8824 292.865
38.7583 292.411
39.4584 292.429
40.4947 292.41
41.812 292.083
42.4759 292.082
43.4157 292.142
44.7242 292.252
47.7812 291.114
48.2961 291.182
48.673 291.152
48.8543 291.147
49.8485 291.129
51.5834 291.03
51.9811 291.017
53.0837 290.987
54.3833 290.936
55.352 290.912
56.3604 290.854
57.9407 290.738
58.7337 290.726
60.3216 290.732
60.7014 290.715
62.05 290.65
65.1843 290.56
65.5672 290.548
66.3542 290.523
67.2163 290.512
68.5732 290.507
69.8883 290.45
70.6037 290.446
71.6743 290.43
72.524 290.394
73.7722 290.332
74.8169 290.324
75.6908 290.362
76.7541 290.372
77.7847 290.383
78.629 290.398
79.633 290.391
80.7557 290.404
81.9857 290.406
82.8876 290.403
83.8342 290.41
84.7285 290.41
85.3594 290.401
87.0133 290.38
87.7303 290.357
88.5021 290.354
89.5992 290.339
90.827 290.307
91.906 290.297
95.0759 290.35
95.5292 290.362
96.0986 290.333
97.474 290.335
98.444 290.32
99.8139 290.306
100.62 290.279
101.17 290.27
102.676 290.252
103.331 290.23
105.241 290.118
106.029 290.105
107.432 290.069
107.92 290.058
108.825 290.045
110.358 289.969
110.773 289.937
111.876 289.914
112.763 289.87
113.689 289.815
115.596 289.734
116.713 289.7
117.419 289.698
118.955 289.364
119.392 289.304
120.655 289.308
121.45 289.277
122.359 289.243
124.26 289.195
124.579 289.19
129.548 289.298
129.86 289.293
131.331 289.279
132.697 289.255
133.328 289.252
134.254 289.255
135.994 289.232
