0.565447 1
0.562402 0.480572
0.562011 1.14157
0.5624 0.915962
0.565 1.16054
0.574523 0.866355
0.579643 0.937335
0.587422 1.44663
0.594862 0.850933
0.601521 1.05006
0.613211 1.6859
0.626247 0.515743
0.648548 1.44484
0.665045 1.06442
0.676849 0.831776
0.684183 1.36139
0.692314 0.763542
0.710876 1.36675
0.734367 0.761156
0.760424 1.56608
0.776641 0.717593
0.788975 1.01342
0.803767 0.845752
0.821388 1.02208
0.833039 1.01279
0.846407 1.07409
0.860066 0.9436
0.881807 0.90416
0.901215 1.45422
0.920437 0.853693
0.934757 0.985015
0.953432 1.15296
0.97197 0.755766
0.976368 1.10379
0.983171 1.3064
0.988005 0.783037
1.00171 1.0057
1.00788 0.983506
1.01489 0.947017
1.02158 0.932671
1.02911 1.17435
1.0366 0.803225
1.04762 0.93512
1.0556 1.14722
1.0635 0.88641
1.06335 1.17035
1.07201 0.712727
1.07565 1.23728
1.07712 0.955131
1.07811 1.18072
1.07618 0.644162
1.07484 1.27064
1.06568 0.912097
1.06275 1.14147
1.07339 1.16847
1.07917 0.620237
1.07718 1.34446
1.07657 0.941259
1.07925 0.793092
1.07087 0.892376
1.07376 1.87143
1.07455 0.400494
1.06693 1.00013
1.0722 1.48297
1.07169 1.13951
1.08689 0.405609
1.08587 0.984973
1.08326 1.2188
1.0793 1.18603
1.07806 1.06764
1.07944 0.992524
1.08182 0.71401
1.08508 1.36849
1.09249 0.638932
1.08896 1.50432
1.0857 0.787463
1.08787 0.937914
1.08409 0.959499
1.08421 0.98026
1.08009 0.918688
1.07474 0.940185
1.06962 2.59574
1.06922 0.618492
1.0658 0.99503
1.07145 0.75032
1.06651 1.39234
1.0615 1.09099
1.05542 1.02542
1.04781 1.01706
1.03962 0.977798
1.02563 1.00183
1.01154 1.09334
0.994416 0.828295
0.972842 0.946229
0.953811 0.987479
0.931404 1.01124
0.906557 0.971704
0.885831 0.995414
0.862623 1.2143
0.840084 0.763594
0.815312 1.12434
0.787128 0.748914
0.761232 0.963958
0.728648 1.07898
0.699411 1.00996
0.666545 1.12105
0.638728 0.763925
0.607369 0.935361
0.585379 0.940828
0.564508 0.950082
0.539791 1.02678
0.517941 1.65219
0.494971 0.541716
0.474419 0.859489
0.451073 1.25326
0.432219 0.949855
0.421579 0.638759
0.412924 1.07695
0.402521 0.395036
0.401532 5
0.388503 0.61472
0.388769 0.40086
0.37607 0.750044
0.380488 4.91343
0.365505 0.353244
0.368796 5
0.365003 1.02211
0.35403 0.1
0.360766 5
0.345644 0.1
0.351582 1.06336
0.339898 5
0.351821 0.1
0.345618 5
0.359996 2.29533
0.362372 0.462938
0.357764 1.92528
0.37508 0.44044
0.369365 0.855568
0.380813 3.34493
0.380343 0.830051
0.388991 2.33281
0.392223 0.206974
0.392995 1.35709
0.409603 0.667815
0.419557 1.43932
0.435721 0.683609
0.445187 3.05599
0.465939 1.32462
0.484775 0.378897
0.500221 0.912841
0.520626 1.49992
0.535857 0.754032
0.554252 1.88125
0.573126 0.81052
0.592429 0.40084
0.618495 5
0.643495 0.266606
0.65739 0.304416
0.676671 3.17027
0.688983 5
0.710309 0.751262
0.723267 0.1
0.739018 1.0169
0.756431 0.802116
0.765927 1.18652
0.777549 0.768867
0.780624 1.35245
0.786938 0.729568
0.798461 1.38832
0.806728 0.709359
0.816865 1.3011
0.818133 1.3391
0.822332 0.828503
0.831375 1.02071
0.838906 0.953638
0.841932 0.96921
0.844363 2.82592
0.845488 0.503768
0.838595 0.582802
0.831646 2.10512
0.821709 0.541961
0.823437 1.37769
0.832373 1.08995
0.831999 0.783005
0.822201 1.0283
0.813454 0.596799
0.812768 1.02907
0.80657 2.52073
0.804761 0.285206
0.800536 2.56536
0.796778 0.829362
0.795118 0.728732
0.791122 1.16758
0.783787 0.370749
0.781779 2.65487
0.772199 1.47048
0.773932 0.602722
0.768851 1.35738
0.761304 0.60481
0.750529 3.52725
0.734259 0.332886
0.715625 1.21648
0.705947 1.15167
0.701544 1.20201
0.698238 0.549176
0.695649 0.981285
0.695621 1.52085
0.689436 0.786265
0.686295 0.960269
0.684931 0.69203
0.676279 1.85178
0.673956 0.731682
0.670373 0.797672
0.666725 1.6825
0.661556 0.343089
0.663547 1.62261
0.671661 2.03536
0.674411 1.46676
0.679717 0.647075
0.683197 1.79467
0.691437 0.554533
0.700699 1.1552
0.713769 0.814386
0.727632 0.929378
0.729465 1.2802
0.732821 1.90148
0.738081 0.376184
0.746339 1.52818
0.749499 1.19826
0.753065 0.925055
0.756652 1.14394
0.752348 1.12195
0.760161 0.730029
0.748084 1.24268
0.749058 0.951892
0.746122 1.60068
0.75363 1.32236
0.755834 0.510374
0.761022 1.02855
0.75999 1.15664
0.765275 1.39643
0.770521 0.774392
0.777522 1.88225
0.781224 0.620222
0.786753 1.69047
0.791435 1.17257
0.797644 0.326204
0.801542 2.91372
0.804361 0.546243
0.810002 1.52864
0.815099 1.00891
0.825725 1.28814
0.831937 0.924057
0.83867 0.718327
0.841501 1.07279
0.845902 1.31247
0.855984 0.886019
0.85616 1.18517
0.856358 0.676831
0.853837 1.18824
0.854434 1.04955
0.857672 0.450242
0.867532 1.73989
0.8718 0.682859
0.872169 5
0.866134 0.336733
0.870142 5
0.869802 0.125908
0.868637 3.59947
0.860751 0.238227
0.861373 0.985263
0.858673 0.991195
0.858584 1.09128
0.85525 0.923509
0.846481 1.09589
0.84 0.660824
0.83605 1.44014
0.834006 0.949176
0.831964 0.630997
0.82367 1.1433
0.818835 1.24458
0.813928 0.779289
0.810696 0.776114
0.805096 0.485328
0.797233 2.73887
0.792218 0.453741
0.786708 1.93083
0.785555 1.06604
0.781216 1.06747
0.778816 1.16021
0.771056 0.739954
0.765852 1.72331
0.767007 0.751603
0.770966 0.898747
0.775673 1.12643
0.765942 0.67207
0.757564 1.03412
0.754984 1.12396
0.752024 1.14706
0.74966 0.84834
0.745396 1.00308
0.744076 1.30282
0.745993 0.815178
0.747977 0.896013
0.739971 1.59018
0.738227 1.0693
0.73101 0.622362
0.729243 1.24681
0.726539 1.00173
0.726858 1.32417
0.725008 0.935071
0.72419 1.03473
0.721471 1.02993
0.722433 0.562844
0.719674 1.87309
0.714828 1.39439
0.715818 0.958183
0.713675 1.05109
0.709447 1.06918
0.704484 0.931713
0.693307 0.987619
0.690333 1.04451
0.688055 1.08156
0.688517 1.63339
0.683583 0.711122
0.671409 1.17168
0.664812 0.854451
0.660245 0.850247
0.658358 0.64501
0.654346 0.769802
0.647477 0.994706
0.641188 0.938967
0.637627 0.742351
0.634878 1.09407
0.631396 0.740896
0.620147 1.54548
0.611029 0.749132
0.605466 0.831618
0.602634 0.794443
0.594729 1.14808
0.595429 0.787747
0.590127 1.31351
0.588293 0.854934
0.583452 0.979383
0.578669 0.923853
0.577722 1.0521
0.572544 1.04812
0.571378 0.828526
0.566994 1.03412
0.561229 0.798521
0.561839 1.10282
0.558682 0.301604
0.560551 3.81015
0.557524 1.22766
0.557954 1.0194
0.550286 0.852247
0.546989 1.14964
0.544073 0.838971
0.538906 1.27323
0.53425 1.43772
0.528814 0.71258
0.526729 1.56362
0.521193 0.487228
0.522517 0.579598
0.516321 1.59522
0.505231 1.09261
0.505636 0.834651
0.499452 1.39849
0.495216 1.0316
0.492822 0.86016
0.488305 0.932657
0.488714 1.24324
0.486431 1.22827
0.483916 0.501038
0.479025 1.07119
0.476586 1.70889
0.479202 1.00148
0.487556 0.775681
0.498327 1.15202
0.50724 1.03483
0.514922 0.8083
0.523949 0.885838
0.532357 1.14983
0.539034 1.23228
0.547921 1.28968
0.555711 0.892534
0.559684 1.32921
0.56563 1.14606
0.57117 1.25411
0.576646 0.623981
0.575356 1.11272
0.577266 0.848605
0.575124 1.30955
0.572258 1.00529
0.569167 0.905942
0.569249 1.4144
0.565072 0.771496
0.563882 0.52736
0.559655 2.44476
0.548331 0.463388
0.539964 0.847474
0.530227 1.34891
0.516228 1.17769
0.503518 0.767939
0.491626 1.24043
0.477476 1.08654
0.457879 0.668434
0.438712 1.3414
0.424053 1.07236
0.413723 1.16415
0.407641 1.04082
0.403206 0.773636
0.395141 1.11214
0.398526 1.10449
0.394491 0.893096
0.390678 1.11558
0.390177 1.12698
0.376787 1.22113
0.38404 1.1269
0.38251 1.38374
0.368445 0.991972
0.377288 0.994749
0.362947 1.01653
0.376314 0.984214
0.382625 1.00107
0.373606 1.16013
0.400597 1.10474
0.387998 0.687654
0.417057 1.19605
0.401423 1.10466
0.435442 0.746502
0.449663 1.21245
0.435288 1.334
0.480507 0.117658
0.471377 1.98084
0.511047 0.821473
0.523697 1.69373
0.518584 1.04804
0.557814 0.905116
0.559032 1.41851
0.594202 1.20179
0.606456 1.07183
0.622303 0.728296
0.649495 1.42455
0.658562 1.03619
0.682877 0.648087
0.693665 1.85715
0.712167 0.510372
0.728442 1.13539
0.747544 1.12358
0.762302 0.662223
0.773831 1.43734
0.792325 0.730156
0.80712 0.917341
0.817192 0.668679
0.825335 3.60454
0.841138 0.946584
0.854146 0.56697
0.86827 1.24095
0.87844 0.964748
0.893886 1.00931
0.901394 1.9836
0.911234 0.357221
0.912793 1.20741
0.912445 1.29259
0.911237 1.12735
0.913226 0.68796
0.917838 0.911225
0.917439 1.00015
0.915189 1.8097
0.915916 0.469088
0.918294 1.33266
0.972586 1.09163
0.867188 0.803134
0.919425 2.3627
0.920127 0.604981
0.922771 5
0.920175 0.219667
0.917534 1.16021
0.916859 1.21624
0.917274 1.59766
0.916334 0.924615
0.911911 0.819258
0.907069 1.02386
0.901921 0.292921
0.891301 1.11336
0.886472 1.66876
0.877339 0.991214
0.867182 0.858678
0.854562 2.72512
0.833894 0.582389
0.830277 0.8137
0.787904 1.67474
0.786722 2.97866
0.767712 0.195244
0.750896 1.45057
0.73026 1.54872
0.706255 0.205198
0.680667 5
0.653723 1.34946
0.62722 0.14644
0.60168 4.78641
0.578381 2.99334
0.552109 0.1
0.532463 2.65052
0.512882 5
0.497757 0.1
0.484612 5
0.481533 0.219279
0.46526 1.28784
0.469089 0.250733
0.464976 0.992754
0.456453 5
0.450297 0.189011
0.435252 0.101335
0.440661 0.693987
0.436961 1.69998
0.422949 3.32704
0.430431 5
0.413537 0.841799
0.421001 0.1
0.41682 5
0.401941 0.367303
0.414192 5
0.399842 0.11703
0.405819 1.47604
0.402547 0.346826
0.393433 5
0.393042 0.956373
0.387377 1.21148
0.384638 1.27924
0.381059 2.2186
0.38417 1.33383
0.376645 1.06614
0.386536 1.20002
0.370831 0.626943
0.369538 0.852689
0.382479 2.6729
0.360425 0.1
0.380789 0.613143
0.36167 5
0.385945 0.25239
0.370254 4.0096
0.374508 0.101166
0.392096 0.921312
0.382493 0.973054
0.398972 1.10589
0.404496 1.19282
0.41936 1.1235
0.427915 0.898148
0.443595 1.42726
0.453595 0.7542
0.467451 1.13017
0.484028 1.13469
0.504268 0.969503
0.529544 1.82967
0.549633 0.589747
0.568096 1.54128
0.584719 1.02504
0.602525 1.30645
0.621944 0.994528
0.641114 0.796177
0.656542 0.944616
0.679182 1.6601
0.694832 0.634972
0.713004 1.79202
0.73133 0.650645
0.749226 0.966751
0.767313 0.989145
0.785615 1.46529
0.801246 0.795002
0.816902 1.37939
0.834784 0.825586
0.852666 0.629541
0.864004 1.33863
0.873178 1.17292
0.875957 0.72057
0.881223 1.66071
0.881104 0.656853
0.882106 1.31377
0.88255 0.741571
0.884744 1.08899
0.890585 1.03749
0.890944 1.02462
0.895254 1.17818
0.896144 0.875542
0.898086 0.852369
0.900122 1.48527
0.898346 0.725969
0.898829 0.958778
0.899855 1.01156
0.895801 1.13127
0.893606 0.7865
0.897462 1.02501
0.902737 1.76969
0.89808 0.914329
0.897103 1.03095
0.898041 0.62552
0.898483 0.698634
0.898348 2.64059
0.895263 0.440348
0.91735 2.6331
0.868705 0.719597
0.889097 0.867317
0.886032 0.874228
0.882761 1.32922
0.884667 1.59435
0.880802 1.03389
0.879778 0.932474
0.8793 0.53838
0.873924 2.28387
0.879631 0.269717
0.873 1.00825
0.876055 0.981454
0.879844 1.38588
0.88349 1.03621
0.88775 1.00205
0.89339 0.666564
0.896998 1.11783
0.892096 2.43728
0.903912 0.557157
0.907454 2.73177
0.908618 0.341958
0.910818 1.79573
0.912249 0.878286
0.924378 2.35614
0.925175 0.39342
0.930004 1.34027
0.933012 0.935932
0.937023 0.717503
0.950677 1.94656
0.939108 0.727005
0.950494 0.623082
0.955958 1.55184
0.957395 0.981296
0.964314 0.529824
0.963906 1.71993
0.970221 1.43215
0.974946 0.63002
0.979015 0.999788
0.983181 1.23929
1.00497 2.32836
0.969358 0.165367
0.981273 1.6169
0.981441 1.05439
0.978583 2.14806
0.977045 0.934251
0.975248 0.168205
0.973197 1.21603
0.975259 2.3369
0.975317 2.10837
0.976437 0.558326
0.975317 0.767715
0.974374 1.17064
0.976526 0.627336
0.973898 2.04654
0.973993 0.222647
0.976279 4.43685
0.974204 0.735246
0.976128 1.55466
0.973369 0.737603
0.973886 1.3193
0.97805 2.11009
0.973462 0.529352
0.976063 0.830298
0.971108 1.4003
0.972692 0.935576
0.972043 0.721858
0.972317 1.14332
0.967913 1.19724
0.96698 1.08451
0.967854 1.38708
0.967829 0.68775
0.976136 0.886545
0.970426 1.13346
0.971297 0.849372
0.969746 0.601625
0.968707 2.09806
0.973863 1.07967
0.972132 0.890118
0.986483 1.06569
0.949974 0.829628
0.969216 1.18151
0.975952 0.537259
0.976466 1.32642
0.98289 1.53313
0.973324 0.923576
0.974883 1.00786
0.980383 0.964593
0.98412 0.547985
0.985004 1.38133
0.981552 0.716227
0.97965 1.39717
0.978606 1.31951
0.981002 0.678097
0.99019 1.21786
0.991471 0.996234
0.992804 1.04563
0.989062 1.12171
0.989692 0.95437
0.993691 1.09138
0.993464 0.695288
0.994946 1.46424
0.993544 0.882266
0.995064 0.488282
0.997947 1.35648
0.999669 1.43728
1.00141 0.668859
1.00567 1.47806
1.00534 1.16787
1.00506 0.871614
1.00333 0.8871
1.00589 3.31394
1.00467 0.621288
1.00566 0.894295
1.0039 0.996848
1.0033 0.970532
1.00133 1.15493
0.99632 0.517228
0.996597 2.02099
0.99129 1.00779
0.992739 1.07438
0.9868 1.26142
0.978485 0.782682
0.978575 0.936387
0.97672 1.03875
0.980926 1.21475
0.973629 0.730269
0.967741 1.0548
0.964063 1.38491
0.960141 1.04089
0.960432 0.65379
0.959192 1.21258
0.955996 0.612482
0.950621 1.86451
0.93718 1.42706
0.937636 0.539214
0.926495 0.616216
0.919426 1.78706
0.90618 0.702688
0.90216 0.657325
0.90401 1.90829
0.878611 0.3606
0.879529 2.2458
0.872245 1.44349
0.862329 0.366586
0.849954 0.979844
0.839761 1.73944
0.823036 0.815835
0.808042 1.02015
0.790342 0.530436
0.777669 1.99543
0.76458 0.783611
0.755597 5
0.747723 0.162689
0.7394 0.890259
0.734732 1.10557
0.72606 5
0.721272 0.106078
0.715853 1.76211
0.70909 0.617255
0.708861 0.771031
0.677983 1.23245
0.679447 1.18509
0.671398 0.451627
0.661315 3.479
0.650148 0.741713
0.636214 0.540568
0.622499 1.27809
0.606692 2.10532
0.591271 0.359719
0.571997 2.83703
0.556014 0.330132
0.539866 1.07713
0.526505 0.712092
0.509394 2.67252
0.49599 0.947755
0.484355 3.3668
0.471848 0.838837
0.459045 1.22071
0.447733 1.8547
0.435103 0.1
0.421065 5
0.409431 0.1
0.400452 1.00135
0.388897 4.60493
0.377582 1.59917
0.362402 0.337061
0.350557 2.97273
0.342011 0.290047
0.342007 4.23735
0.339388 2.00397
0.355698 0.227664
0.330323 0.348285
0.341579 3.8698
0.333587 0.744035
0.333032 1.67519
0.330844 0.681442
0.317045 3.39581
0.328211 0.359533
0.318552 0.146928
0.341391 5
0.340325 0.317281
0.367946 4.83267
0.378513 0.813308
0.371423 0.916008
0.393574 1.26745
0.389244 0.531553
0.415432 2.032
0.411143 0.830676
0.437715 5
0.444925 0.116305
0.472385 1.54767
0.49562 1.42881
0.510992 0.889515
0.523085 0.983783
0.526535 0.605488
0.562178 1.97553
0.574371 1.18171
0.583064 0.897332
0.610602 1.24252
0.617614 0.855517
0.641195 5
0.653704 0.23003
0.668342 1.20944
0.6875 2.46522
0.702743 0.270984
0.717772 2.19389
0.72839 0.407889
0.744021 1.34636
0.761147 1.28369
0.775139 0.203566
0.786472 4.64931
0.79092 0.339316
0.798708 0.796851
0.803681 5
0.810708 0.1
0.812359 3.86686
0.811155 0.602507
0.810816 1.88891
0.811427 1.21709
0.818142 0.548427
0.823878 1.13518
0.828708 0.658635
0.826567 2.23841
0.825919 1.17026
0.825354 0.662605
0.822882 1.16591
0.823653 0.343962
0.819826 1.77178
0.815568 5
0.813457 0.1
0.812076 5
0.807231 1.11987
0.801787 0.67168
0.794022 1.26201
0.791028 1.57604
0.782768 0.263651
0.773502 1.49369
0.758488 0.410895
0.742778 5
0.723074 0.1
0.705981 2.12259
0.688942 1.18825
0.669511 1.11709
0.654288 0.971312
0.635295 1.40782
0.609509 0.462088
0.589738 2.2212
0.567227 1.22555
0.549031 0.427397
0.527758 1.13506
0.507096 1.49795
0.485188 0.444284
0.464359 0.947369
0.450834 1.87682
0.443282 0.843885
0.439201 3.03377
0.439932 0.289729
0.432873 0.753481
0.434739 3.85543
0.42141 0.1
0.420015 1.30655
0.420679 5
0.405242 0.209911
0.415833 0.849299
0.398135 5
0.408843 0.492636
0.387084 0.399752
0.404248 0.962664
0.385871 0.88174
0.38746 0.58863
0.367095 0.899527
0.382267 0.549777
0.3872 0.79462
0.375098 5
0.397681 0.138094
0.377927 1.563
0.401285 2.03223
0.388666 1.26737
0.41141 0.818894
0.415135 1.10297
0.400712 1.25489
0.425705 0.739349
0.421335 1.04934
0.449377 0.991182
0.468197 0.855846
0.462781 1.34277
0.486524 1.03421
0.491226 1.46595
0.508207 1.93614
0.522478 0.706847
0.542159 1.05254
0.563889 1.36282
0.572572 0.669124
0.58844 0.952606
0.599915 1.33075
0.614464 3.26213
0.636534 0.520529
0.650434 0.380557
0.671597 0.182895
0.684972 1.00387
0.698728 1.76899
0.71167 0.400388
0.725603 1.10824
0.745026 1.31144
0.764976 0.977254
0.779666 1.02126
0.792235 1.59719
0.797651 0.799649
0.808229 1.59708
0.812556 0.383399
0.804145 1.3612
0.804236 3.14996
0.805928 0.38677
0.809024 0.795698
0.808594 0.869209
0.813268 1.36826
0.811818 1.32443
0.816865 0.720521
0.833858 1.07963
0.811899 0.857093
0.823051 1.25979
0.820311 1.05164
0.82244 0.881001
0.824967 1.07071
0.82679 1.03915
0.827309 0.850799
0.828237 1.01251
0.825677 1.13235
0.826962 1.24005
0.824539 0.908834
0.823807 0.953863
0.822097 0.90327
0.819193 0.637519
0.816154 1.66674
0.815254 0.72347
0.815456 0.78024
0.811219 1.11581
0.806128 1.24081
0.798901 1.08722
0.796062 3.18779
0.792328 0.456514
0.791907 0.578383
0.790077 1.39489
0.785438 0.978301
0.786983 1.38055
0.78471 0.813909
0.782445 0.55387
0.769195 1.51962
0.769231 0.661723
0.767763 1.92778
0.765252 0.79373
0.764912 1.41216
0.762081 0.492462
0.761259 0.915358
0.758273 1.54432
0.754383 0.41973
0.747624 1.11613
0.746161 0.895756
0.746217 0.935594
0.755325 1.91825
0.731055 1.128
0.72819 0.713271
0.715775 1.59217
0.723397 0.446136
0.72899 1.2786
0.727212 0.803641
0.720516 0.921477
0.714289 1.91792
0.710609 0.321512
0.707017 5
0.704332 0.315527
0.698084 1.48933
0.694576 1.37454
0.693661 0.634406
0.687509 0.937303
0.682318 1.7544
