1.11022e-16 2.22045e-16
-0.0171411 0.999632
-0.00326047 2.29286
0.0149542 3.23276
-0.0066351 4.03838
-0.0281445 5.11407
-0.0355839 6.00639
-0.120638 7.01057
-0.0848027 8.00735
-0.0736863 9.03468
-0.150276 9.85242
0.127788 11.465
0.100938 12.1253
0.0332705 12.9797
-0.0242686 14.1508
-0.0658775 14.9792
-0.104025 15.7704
-0.100638 16.8485
-0.13732 17.9447
-0.165619 18.8072
-0.141797 20.0445
-0.10988 21.0428
-0.153326 21.667
-0.225451 22.7093
-0.266127 23.8388
-0.29274 24.6329
-0.374096 25.6021
-0.442773 26.7118
-0.487811 27.4679
-0.460501 28.8665
-0.511807 29.7488
-0.550444 30.6163
-0.594456 31.61
-0.605166 32.8601
-0.622393 33.6064
-0.592321 34.7535
-0.608126 35.554
-0.623036 36.3744
-0.651464 37.435
-0.671661 38.212
-0.727813 39.4191
-0.792711 40.5251
-0.812295 41.2566
-0.856602 42.3252
-0.869475 43.3906
-0.885472 43.7552
-0.92739 44.7543
-0.98428 45.6212
-1.08097 46.6304
-1.11986 47.6449
-1.14885 48.5997
-1.17281 49.5421
-1.25349 50.6204
-1.30109 51.4791
-1.34345 52.5246
-1.38411 53.4902
-1.40888 54.2476
-1.45295 55.2025
-1.47416 56.0612
-1.46849 57.7867
-1.4901 58.3274
-1.50797 59.3294
-1.55246 60.0851
-1.59173 60.8678
-1.62073 62.057
-1.66461 63.0133
-1.66757 66.8425
-1.70421 67.902
-1.74071 68.7627
-1.78731 69.8833
-1.8707 71.1516
-1.91779 71.9919
-1.95781 73.268
-2.00591 74.1259
-2.05713 75.1647
-2.07525 76.3323
-2.10835 77.1181
-2.17208 78.3588
-2.19843 79.0014
-2.22568 80.0031
-2.25417 80.6478
-2.36738 82.0539
-2.31092 83.3413
-2.3725 84.1421
-2.35926 85.325
-2.39833 86.2091
-2.3925 87.2096
-2.46183 88.0598
-2.77981 89.6559
-2.81753 90.473
-2.87455 91.3702
-2.89212 92.4016
-3.04925 93.3106
-3.08397 94.1002
-3.13744 95.0533
-3.17276 95.9251
-3.18084 97.0947
-3.21922 97.9685
-3.27958 98.807
-3.32622 99.8543
-3.40312 100.812
-3.52936 101.772
-3.63434 102.557
-3.69635 103.292
-3.80724 104.318
-3.87897 105.228
-3.9571 106.14
-4.11516 107.348
-4.18327 108.068
-4.34723 109.264
-4.4253 110.031
-4.74745 114.639
-4.86019 115.778
-4.90683 116.766
-4.95956 117.668
-4.97236 118.428
-4.82809 119.767
-4.82783 120.368
-4.52747 121.804
-4.4821 122.494
-4.31781 123.479
-4.19953 124.322
-3.90567 125.354
-3.61597 126.373
-3.20735 127.379
-2.92551 128.111
-1.92657 129.824
-1.70938 130.362
-1.48422 130.899
-0.887616 132.053
0.0925272 133.509
0.415992 134.114
1.94279 135.517
2.52476 136.162
4.27157 137.064
4.81582 137.47
5.30783 137.992
6.19807 138.752
7.64057 139.371
8.12925 139.738
9.17114 139.939
9.65347 140.04
10.4986 140.427
12.4642 141.22
13.2989 141.456
14.2304 141.734
14.8482 141.86
16.1923 142.16
17.1966 142.37
18.1957 142.607
18.9216 142.742
19.6371 142.829
21.0628 143.016
21.7154 143.07
23.2459 143.249
23.8942 143.292
25.0411 143.393
25.854 143.422
26.4695 143.463
27.9228 143.537
28.8798 143.619
30.2991 143.777
30.9432 143.814
31.7695 143.865
32.8159 143.933
34.1468 144.077
34.8048 144.114
35.7266 144.166
38.3669 144.606
38.951 144.634
40.0896 144.72
41.0662 144.785
41.6075 144.833
42.7456 144.908
43.9615 144.971
45.0729 145.045
45.927 145.106
46.76 145.164
47.6774 145.234
48.6308 145.324
49.2127 145.359
50.2741 145.431
51.6818 145.557
52.1677 145.568
52.784 145.61
54.3644 145.73
55.1417 145.765
55.6977 145.8
57.1448 145.895
59.0613 146.101
59.5001 146.131
59.9218 146.164
64.9062 146.549
65.7291 146.602
66.9834 146.683
67.9059 146.755
68.7232 146.785
69.8923 146.858
70.6934 146.917
71.6344 146.961
72.9101 147.059
73.6745 147.117
74.2845 147.151
75.4855 147.246
76.1919 147.288
77.1553 147.338
77.8608 147.377
78.9257 147.447
79.685 147.473
80.4974 147.508
81.7276 147.603
82.6477 147.669
83.1883 147.701
84.565 147.762
85.4885 147.746
86.3179 147.781
87.3449 147.74
88.3592 147.778
89.3079 147.771
90.1386 147.758
91.5948 147.785
93.85 148.015
94.0822 148.011
95.2827 148.006
96.2206 147.997
97.0472 147.987
97.9808 147.987
98.6416 147.974
100.506 147.946
101.97 147.898
103.524 147.967
103.934 147.963
104.677 147.948
105.752 147.93
106.753 147.919
107.633 147.906
108.602 147.898
109.408 147.881
110.794 147.884
111.655 147.841
112.603 147.84
113.297 147.85
118.295 147.743
119.068 147.73
120.05 147.733
121.262 147.724
122.235 147.692
123.14 147.654
124.082 147.613
125.408 147.594
126.521 147.58
127.396 147.537
128.217 147.517
129.409 147.482
130.791 147.48
131.715 147.425
132.518 147.41
133.439 147.379
134.37 147.365
135.464 147.327
136.062 147.31
137.599 147.284
138.418 147.262
139.281 147.209
140.388 147.195
141.643 147.083
142.273 147.079
143.268 147.1
144.219 147.091
145.165 147.089
146.107 147.079
147.27 146.961
147.916 146.952
148.942 146.901
149.731 146.916
150.588 146.898
151.635 146.917
152.421 146.916
153.52 146.877
154.45 146.887
155.392 146.873
156.31 146.901
157.534 146.789
158.041 146.797
159.176 146.819
160.115 146.823
160.873 146.806
161.951 146.831
162.618 146.798
163.742 146.801
164.661 146.817
165.346 146.769
166.581 146.741
167.599 146.735
168.631 146.667
169.528 146.595
170.642 146.587
171.67 146.586
172.512 146.537
173.419 146.489
176.79 146.347
178.086 146.241
179.028 146.196
180.127 146.115
180.758 146.072
182.642 145.937
183.561 145.862
184.826 145.794
185.715 145.703
186.647 145.583
187.508 145.483
188.808 145.285
189.627 145.2
190.989 145.044
191.718 144.914
193.11 144.569
193.92 144.408
194.868 144.238
195.789 144.025
196.608 143.888
197.473 143.713
198.742 143.395
199.407 143.264
200.64 142.996
201.296 142.868
202.583 142.553
203.374 142.347
204.075 142.235
205.447 141.846
205.902 141.732
207.561 141.464
208.113 141.356
213.047 140.555
213.963 140.434
214.977 140.311
215.744 140.197
216.753 140.074
217.43 139.938
218.247 139.834
219.223 139.721
220.113 139.575
220.983 139.507
221.974 139.39
222.973 139.331
223.882 139.257
224.918 139.177
225.707 139.17
226.894 139.105
227.876 139.102
228.801 139.135
229.806 139.215
230.961 139.369
231.907 139.479
232.781 139.587
233.418 139.662
235.126 139.901
236.162 140.013
236.971 140.068
238.057 140.1
238.743 140.111
239.586 140.139
239.851 140.141
244.85 140.142
245.664 140.11
246.589 140.074
247.303 140.011
248.154 139.946
248.859 139.867
250.085 139.71
250.773 139.595
252.036 139.406
252.97 139.285
253.45 139.218
254.353 139.064
255.378 138.927
256.309 138.816
257.189 138.698
258.221 138.558
259.338 138.455
259.962 138.357
261.265 138.26
261.833 138.185
262.887 138.048
263.884 137.908
264.809 137.743
265.798 137.535
266.676 137.415
267.69 137.303
268.884 136.987
269.666 136.902
271.119 136.37
271.511 136.311
272.956 136.131
274.319 135.838
275.467 135.593
276.187 135.492
277.413 135.253
278.423 135.041
278.827 134.954
279.885 134.745
280.934 134.444
281.979 134.271
283.045 134.17
283.942 134.005
284.777 133.889
285.788 133.757
286.733 133.559
287.62 133.402
288.696 133.211
289.426 133.07
290.571 132.932
291.494 132.846
292.009 132.861
293.321 132.771
294.387 132.692
295.385 132.638
296.028 132.706
297.397 132.712
298.482 132.808
299.193 132.926
299.876 133.083
300.915 133.344
302.107 133.662
303.211 133.933
304.058 134.168
304.58 134.371
305.639 134.77
306.657 135.181
307.38 135.538
307.694 135.752
308.989 136.597
309.969 137.319
310.334 137.592
311.588 138.665
311.945 139.013
312.015 139.083
312.694 139.875
313.185 140.506
313.942 141.504
314.384 142.135
314.843 142.942
315.378 143.807
315.783 144.76
316.164 145.611
316.588 146.523
317.042 147.489
317.335 148.284
317.698 149.238
318.016 150.273
318.361 151.181
318.506 151.706
318.898 152.808
319.142 153.799
319.311 154.6
319.593 155.566
319.747 156.245
320.004 157.283
320.289 158.751
320.421 159.264
320.654 160.091
320.945 161.088
321.097 161.727
321.384 162.871
321.583 163.832
321.81 164.965
322.048 165.853
322.236 166.611
322.476 167.528
322.629 168.276
322.848 169.383
323.053 170.326
323.236 171.252
323.513 172.796
323.568 173.091
323.738 173.829
323.928 174.708
324.146 175.581
324.376 176.556
324.668 177.773
324.915 178.793
325.066 179.765
325.207 180.336
325.388 181.19
325.517 182.07
325.713 182.986
325.947 183.982
326.121 184.815
326.674 187.662
326.957 188.921
327.192 189.928
327.402 190.897
327.648 191.982
327.877 192.977
328.001 193.668
328.223 194.793
328.36 195.739
328.51 196.693
328.784 197.956
329.002 199.032
329.202 200.025
329.28 200.838
329.401 201.576
329.536 202.252
329.801 203.514
329.898 204.339
330.101 205.336
330.17 206.008
330.22 206.432
330.318 207.474
330.443 208.361
330.659 209.579
330.76 210.587
331.004 211.636
331.079 212.258
331.058 213.698
331.065 214.218
331.062 215.346
331.027 215.972
330.923 216.94
330.822 217.817
330.621 219.052
330.586 219.338
330.493 220.184
329.728 222.366
329.295 223.507
328.66 224.529
328.597 224.692
326.053 228.258
326.001 228.383
324.436 230.499
323.704 231.232
323.337 231.756
322.67 232.615
322.116 233.187
321.412 233.721
320.749 234.217
319.962 234.845
319.024 235.363
318.204 235.772
317.443 236.062
316.544 236.327
315.708 236.532
314.884 236.725
314.001 236.933
313.376 237.044
312.823 237.112
311.608 237.313
311.043 237.391
309.944 237.523
308.606 237.563
308.024 237.61
307.21 237.633
305.467 237.716
305.013 237.661
303.263 237.543
301.305 237.509
300.246 237.474
299.358 237.444
298.27 237.363
296.915 237.229
296.046 237.164
294.924 237.063
293.705 236.912
292.548 236.795
291.821 236.746
290.297 236.56
289.145 236.452
288.393 236.37
286.989 236.185
286.423 236.159
285.602 236.153
284.549 236.069
283.812 236.061
282.824 236.055
282.053 236.027
280.861 236.018
279.991 236.05
278.906 236.098
278.132 236.11
277.084 236.091
276.43 236.13
275.535 236.132
274.466 236.143
273.532 236.199
272.395 236.245
271.488 236.295
270.517 236.302
269.778 236.355
268.519 236.467
267.573 236.526
266.554 236.579
265.739 236.625
264.492 236.731
263.472 236.791
262.519 236.834
260.877 236.984
257.158 237.235
256.297 237.288
254.87 237.363
253.778 237.401
253.061 237.463
251.81 237.532
251.124 237.573
249.825 237.642
248.823 237.743
248.134 237.783
246.928 237.865
245.232 238.025
244.361 238.082
243.485 238.129
242.663 238.196
241.139 238.241
240.45 238.309
239.695 238.371
238.598 238.443
237.989 238.487
236.985 238.545
235.668 238.657
234.715 238.746
233.675 238.858
232.669 238.971
231.854 239.043
231.076 239.123
230.018 239.212
228.921 239.311
227.174 239.506
226.437 239.57
225.654 239.628
221.887 239.948
221.054 240.004
219.738 240.114
218.838 240.226
217.984 240.33
217.17 240.376
216.291 240.433
214.989 240.571
214.054 240.62
213.312 240.636
212.072 240.681
211.175 240.7
210.198 240.753
209.177 240.795
208.519 240.811
207.314 240.853
206.263 240.87
205.163 240.849
204.694 240.871
203.645 240.937
202.764 240.937
201.67 240.984
201.012 241.016
199.971 241.043
198.887 241.069
197.944 241.106
196.67 241.127
195.903 241.188
195.145 241.199
194.042 241.223
193.008 241.24
192.288 241.241
191.187 241.318
190.199 241.354
189.205 241.363
188.396 241.387
187.662 241.431
186.236 241.429
185.247 241.439
184.112 241.454
183.468 241.488
182.191 241.51
179.063 241.637
177.47 241.695
176.465 241.725
175.515 241.757
174.159 241.809
173.273 241.859
172.436 241.93
171.687 241.962
170.175 242.087
169.137 242.181
168.073 242.218
167.084 242.272
166.038 242.263
165.066 242.252
164.146 242.357
163.075 242.434
162.109 242.49
161.313 242.557
160.395 242.657
159.249 242.73
158.294 242.77
157.344 242.811
156.321 242.862
155.288 242.929
154.36 242.956
153.332 243.012
152.302 243.095
151.538 243.111
150.464 243.176
149.653 243.199
148.715 243.245
147.592 243.264
146.551 243.322
145.511 243.346
144.567 243.37
143.763 243.395
142.834 243.418
141.786 243.459
140.886 243.538
139.693 243.507
139.186 243.533
138.176 243.576
136.943 243.625
136.138 243.654
135.098 243.662
133.904 243.647
133.087 243.673
132.049 243.702
131.295 243.724
127.706 243.803
126.586 243.846
125.563 243.872
124.739 243.872
123.89 243.868
122.717 243.847
121.938 243.861
120.765 243.808
119.961 243.818
119.049 243.827
118.251 243.831
117.051 243.832
116.541 243.844
115.506 243.834
114.518 243.867
113.622 243.871
112.434 243.881
111.578 243.888
110.21 243.85
109.732 243.851
108.804 243.881
107.99 243.861
106.884 243.86
106.273 243.812
105 243.782
103.949 243.807
103.137 243.804
102.111 243.796
101.162 243.788
100.038 243.805
99.1764 243.785
98.4082 243.771
97.0848 243.77
96.3774 243.768
95.66 243.731
94.8947 243.733
93.7972 243.732
92.7418 243.69
92.0666 243.686
91.0609 243.719
88.8034 243.553
88.1274 243.515
87.241 243.5
86.2071 243.522
84.8295 243.574
83.8024 243.683
82.8275 243.716
81.8627 243.731
80.9986 243.725
80.1955 243.774
79.2661 243.794
78.2608 243.792
77.3295 243.84
76.506 243.871
75.5047 243.889
74.6026 243.894
73.6241 243.929
72.8265 243.949
71.8996 244.013
70.957 244.096
69.8485 244.114
69.0481 244.22
68.1339 244.355
67.1373 244.506
66.2133 244.715
65.3488 244.871
64.4225 244.981
63.741 245.1
62.8515 245.284
61.6411 245.704
61.0415 245.867
60.1698 246.139
58.9263 246.671
58.4822 246.841
57.6676 247.078
56.7199 247.484
56.1298 247.716
53.7805 249.202
52.8478 249.942
52.5669 250.112
51.8987 250.536
51.4418 250.833
50.8347 251.256
49.5925 252.171
49.208 252.425
45.5564 255.835
44.5388 256.979
44.1797 257.319
42.3552 259.65
41.6151 260.734
41.0121 261.667
40.5132 262.514
40.0208 263.367
39.7776 263.887
39.4989 264.545
39.1659 265.322
38.8086 266.179
38.4991 267.079
38.2091 268.109
38.0228 268.935
37.7599 270.518
37.7556 272.363
37.6949 272.762
37.5286 273.849
37.5391 274.298
37.3795 276.197
37.1775 277.185
37.11 277.996
37.0952 278.842
37.1356 280.475
37.1031 281.597
37.0229 282.337
37.0736 284.168
37.0113 284.614
37.3764 286.623
37.2777 287.184
37.2903 288.095
37.1878 288.893
37.1045 289.751
37.0334 290.593
36.978 291.316
36.8514 292.669
36.7381 293.739
36.6529 294.651
36.5473 295.65
36.4172 296.692
36.3201 297.691
36.2407 298.305
36.1768 299.418
36.0784 300.44
35.9831 301.427
35.897 302.243
35.8244 303.61
35.7682 304.107
35.6851 304.847
35.5951 306.029
35.5758 306.654
35.4644 307.97
35.4126 308.484
35.3357 309.111
35.2311 310.109
35.1466 311.114
35.2805 313.521
35.2831 314.398
35.2465 314.817
35.1042 316.255
35.0282 316.977
34.9436 317.856
34.9127 318.886
34.7996 319.8
34.5924 321.097
34.4917 321.765
34.4075 322.669
34.3121 323.79
34.5076 324.86
32.8572 326.254
32.8117 326.715
32.705 327.259
27.7762 327.299
27.7682 327.445
25.2752 329.033
25.2632 329.49
25.3188 330.581
25.3443 331.16
25.3622 332.394
25.3798 334.393
25.3619 334.898
25.5991 335.977
25.9089 336.623
27.3998 339.536
27.6757 340.281
28.0409 341.104
28.4518 342.009
28.9422 342.902
29.3651 343.703
29.8761 344.591
30.3108 345.31
31.1323 346.364
31.7583 347.12
32.3184 347.794
33.1388 348.614
34.0112 349.456
34.6032 350.01
35.151 350.526
36.2629 351.222
37.038 351.675
37.6899 352.019
38.6284 352.526
39.5282 352.977
40.2476 353.275
41.593 353.699
43.5483 354.098
44.9188 354.154
46.9384 354.559
48.39 354.875
49.2834 355.031
50.2669 355.194
51.4033 355.359
52.2474 355.432
52.9394 355.496
54.1793 355.568
55.1763 355.625
56.0355 355.669
57.0934 355.697
58.4738 355.719
59.0802 355.723
60.4819 355.7
61.287 355.682
62.1438 355.695
63.2613 355.723
64.3105 355.733
65.1895 355.738
67.0746 355.682
67.9988 355.696
69.1401 355.739
69.5249 355.741
70.563 355.745
71.784 355.76
72.8569 355.775
73.9711 355.835
74.7878 355.857
75.7153 355.872
76.6983 355.883
77.884 355.931
78.8526 355.973
79.8686 356.002
80.8292 356.04
81.7975 356.079
82.6747 356.104
83.5221 356.135
84.7038 356.161
85.8014 356.203
86.4255 356.199
87.589 356.226
89.0072 356.277
89.8706 356.303
90.7052 356.328
91.6441 356.366
92.8106 356.387
94.0416 356.39
94.6868 356.405
99.6859 356.482
100.782 356.494
101.703 356.504
103.131 356.479
104.063 356.51
104.929 356.521
106.108 356.538
107.002 356.553
107.918 356.552
109.221 356.565
110.141 356.584
110.722 356.579
111.821 356.565
112.834 356.567
114.258 356.56
115.381 356.575
116.296 356.553
117.554 356.558
118.903 356.586
119.694 356.602
120.605 356.584
121.659 356.562
122.952 356.555
123.883 356.548
125.078 356.554
125.865 356.561
126.849 356.564
130.012 356.635
130.407 356.644
131.825 356.712
132.483 356.725
133.445 356.729
134.152 356.729
135.432 356.74
136.483 356.786
137.262 356.788
138.224 356.782
140.177 356.865
140.772 356.846
141.921 356.85
