1.11022e-16 2.22045e-16
0.00349972 0.565351
0.00117395 1.12761
-0.0078317 1.68922
-0.0150813 2.2513
-0.0204007 2.81607
-0.0296935 3.39028
-0.0415274 3.96949
-0.055937 4.5562
-0.070081 5.15046
-0.087982 5.75129
-0.105471 6.36394
-0.123858 6.98963
-0.144474 7.6376
-0.164512 8.30211
-0.184475 8.97838
-0.207719 9.66192
-0.232999 10.3537
-0.253794 11.0642
-0.270128 11.7984
-0.282116 12.5587
-0.296212 13.3352
-0.31283 14.124
-0.327087 14.9276
-0.34512 15.7488
-0.358557 16.5817
-0.36611 17.4281
-0.368644 18.2881
-0.381287 19.1697
-0.393144 20.0706
-0.406558 20.9906
-0.419658 21.9249
-0.437561 22.8777
-0.450732 23.8492
-0.46864 24.825
-0.487074 25.8075
-0.505576 26.7949
-0.525875 27.7959
-0.546485 28.8031
-0.567916 29.8173
-0.588476 30.8382
-0.611385 31.8666
-0.634186 32.9025
-0.656257 33.9494
-0.679967 35.0044
-0.704629 36.0673
-0.731816 37.1299
-0.750946 38.2016
-0.763742 39.277
-0.786111 40.3536
-0.811981 41.431
-0.840559 42.5065
-0.870911 43.5805
-0.905996 44.6454
-0.944805 45.7073
-0.981509 46.7798
-1.0156 47.8582
-1.05011 48.9346
-1.0795 50.0106
-1.11251 51.0892
-1.1429 52.1595
-1.1775 53.2326
-1.21049 54.3065
-1.24879 55.3725
-1.28223 56.4438
-1.31941 57.5145
-1.35218 58.6006
-1.38718 59.6858
-1.41801 60.7685
-1.44456 61.8474
-1.46949 62.9251
-1.49992 64.004
-1.52809 65.0853
-1.55877 66.1697
-1.59332 67.2614
-1.62351 68.3497
-1.64924 69.4349
-1.67316 70.5223
-1.69757 71.606
-1.72404 72.6896
-1.7546 73.7689
-1.78443 74.8429
-1.81802 75.9117
-1.85227 76.9801
-1.89275 78.0446
-1.93169 79.115
-1.9716 80.1804
-2.00925 81.241
-2.04609 82.2956
-2.0822 83.3426
-2.11815 84.3815
-2.15226 85.4064
-2.18721 86.4172
-2.22492 87.4107
-2.26242 88.3826
-2.30369 89.3353
-2.34477 90.2656
-2.39013 91.1707
-2.43474 92.0552
-2.48672 92.9158
-2.53828 93.754
-2.59438 94.5671
-2.64959 95.3521
-2.70982 96.1106
-2.76931 96.8365
-2.82759 97.5331
-2.8853 98.1968
-2.94058 98.8327
-2.99255 99.4374
-3.04366 100.02
-3.09227 100.582
-3.1324 101.12
-3.1624 101.636
-3.18249 102.131
-3.19672 102.604
-3.20197 103.055
-3.19818 103.487
-3.18267 103.907
-3.15688 104.319
-3.11616 104.719
-3.06183 105.116
-2.99391 105.498
-2.91142 105.878
-2.81389 106.24
-2.69944 106.603
-2.57078 106.944
-2.43175 107.285
-2.27936 107.617
-2.10939 107.927
-1.92149 108.235
-1.72022 108.515
-1.50675 108.794
-1.28283 109.05
-1.04701 109.31
-0.797227 109.549
-0.530716 109.791
-0.246636 110.016
0.0557837 110.206
0.374458 110.404
0.705109 110.568
1.04953 110.73
1.40813 110.857
1.7741 110.988
2.14892 111.103
2.53314 111.185
2.93463 111.266
3.3507 111.318
3.78382 111.364
4.22727 111.402
4.69076 111.447
5.17344 111.49
5.67265 111.518
6.19294 111.527
6.72852 111.518
7.28232 111.5
7.85534 111.49
8.44766 111.482
9.06575 111.462
9.70845 111.433
10.3653 111.412
11.0417 111.398
11.7305 111.391
12.4406 111.377
13.1636 111.361
13.9022 111.345
14.6583 111.336
15.4238 111.324
16.2008 111.309
16.981 111.294
17.7675 111.276
18.5654 111.252
19.3715 111.225
20.1879 111.207
21.0056 111.189
21.8275 111.169
22.6584 111.15
23.4968 111.137
24.3382 111.128
25.1821 111.111
26.0272 111.099
26.8655 111.087
27.6965 111.067
28.5175 111.042
29.3403 111.019
30.1718 110.996
31.0029 110.973
31.8244 110.95
32.6373 110.931
33.4496 110.915
34.2556 110.896
35.0597 110.874
35.8595 110.852
36.6557 110.832
37.4503 110.812
38.2406 110.788
39.0235 110.76
39.8044 110.731
40.5755 110.698
41.3483 110.662
42.1159 110.626
42.8761 110.594
43.6256 110.563
44.359 110.533
45.0737 110.502
45.7787 110.472
46.4792 110.441
47.1765 110.412
47.8711 110.382
48.5656 110.348
49.254 110.315
49.9395 110.289
50.6236 110.263
51.2989 110.229
51.9717 110.195
52.6411 110.164
53.3068 110.132
53.9664 110.084
54.6275 110.029
55.2967 109.976
55.9687 109.923
56.6451 109.86
57.3246 109.792
58.0125 109.725
58.7092 109.653
59.4186 109.576
60.1424 109.503
60.8681 109.43
61.5965 109.351
62.3294 109.265
63.07 109.174
63.8146 109.091
64.5634 109.014
65.3156 108.934
66.0597 108.857
66.8058 108.791
67.5462 108.72
68.2857 108.648
69.0248 108.567
69.7701 108.483
70.5194 108.398
71.2741 108.316
72.0277 108.228
72.787 108.144
73.5516 108.056
74.323 107.966
75.0981 107.874
75.8789 107.783
76.6636 107.685
77.4543 107.582
78.2494 107.483
79.0466 107.378
79.8488 107.269
80.6562 107.159
81.4741 107.049
82.2975 106.933
83.1285 106.823
83.9628 106.716
84.8016 106.609
85.6502 106.499
86.4992 106.39
87.3488 106.286
88.1956 106.18
89.0433 106.076
89.8949 105.978
90.7563 105.879
91.6216 105.777
92.4873 105.675
93.3471 105.574
94.2111 105.475
95.0744 105.372
95.9365 105.268
96.7909 105.166
97.6459 105.065
98.4989 104.97
99.352 104.878
100.202 104.788
101.043 104.696
101.878 104.606
102.708 104.511
103.536 104.414
104.361 104.315
105.178 104.216
105.991 104.117
106.798 104.021
107.603 103.926
108.401 103.83
109.192 103.731
109.977 103.631
110.757 103.531
111.535 103.427
112.308 103.32
113.078 103.211
113.842 103.109
114.599 103.004
115.357 102.887
116.117 102.766
116.883 102.65
117.639 102.533
118.386 102.411
119.131 102.295
119.873 102.178
120.611 102.053
121.346 101.931
122.079 101.812
122.813 101.684
123.547 101.547
124.273 101.408
124.997 101.269
125.712 101.126
126.425 100.975
127.132 100.811
127.837 100.64
128.537 100.456
129.235 100.265
129.927 100.066
130.618 99.8568
131.304 99.642
131.986 99.4321
132.668 99.2161
133.345 98.9927
134.017 98.7678
134.687 98.5535
135.347 98.3406
136.005 98.1349
136.66 97.9265
137.316 97.7184
137.966 97.5118
138.607 97.3144
139.243 97.1198
139.873 96.9265
140.503 96.7389
141.13 96.5545
141.752 96.3771
142.369 96.2044
142.983 96.0345
143.594 95.8635
144.202 95.6956
144.801 95.539
145.393 95.3907
145.98 95.2441
146.565 95.0991
147.143 94.965
147.725 94.8416
148.302 94.7184
148.878 94.6023
149.451 94.4979
150.022 94.4044
150.593 94.3247
151.16 94.251
151.729 94.1997
152.294 94.1654
152.854 94.1421
153.415 94.1304
153.973 94.1276
154.533 94.1327
155.089 94.1393
155.647 94.138
156.196 94.1206
156.743 94.0931
157.285 94.0524
157.821 94.0073
158.353 93.9601
158.879 93.9068
159.401 93.8382
159.916 93.7572
160.431 93.6692
160.939 93.5782
161.435 93.4852
161.931 93.3862
162.418 93.2763
162.899 93.161
163.379 93.0499
163.854 92.9387
164.332 92.8353
164.806 92.7289
165.278 92.6226
165.744 92.5132
166.209 92.412
166.675 92.2996
167.149 92.187
167.633 92.0695
168.125 91.9461
168.622 91.8103
169.126 91.6684
169.639 91.5263
170.158 91.3812
170.683 91.2259
171.214 91.0624
171.748 90.8965
172.29 90.7348
172.837 90.5691
173.387 90.397
173.933 90.2159
174.481 90.0352
175.029 89.8625
175.574 89.6877
176.116 89.5135
176.658 89.341
177.198 89.1739
177.737 89.009
178.272 88.8461
178.797 88.6899
179.316 88.5396
179.825 88.3945
180.322 88.2556
180.808 88.1232
181.282 87.9937
181.743 87.8686
182.186 87.7535
182.612 87.6509
183.026 87.5615
183.432 87.482
183.833 87.4098
184.232 87.3486
184.623 87.2937
185.02 87.2561
185.413 87.2336
185.804 87.2315
186.194 87.2442
186.57 87.2633
186.952 87.2978
187.332 87.3403
187.697 87.3858
188.069 87.4519
188.424 87.5259
188.788 87.6192
189.155 87.7286
189.51 87.8462
189.882 87.9926
190.234 88.1573
190.601 88.3538
190.949 88.5541
191.32 88.7816
191.693 89.0323
192.042 89.2922
192.411 89.6005
192.748 89.9295
193.103 90.2964
193.454 90.6845
193.78 91.0878
194.121 91.5289
194.438 91.9889
194.764 92.4855
195.072 93.0074
195.378 93.549
195.684 94.1217
195.976 94.7115
196.272 95.3271
196.562 95.957
196.852 96.6074
197.137 97.2774
197.418 97.9701
197.69 98.6823
197.95 99.4111
198.207 100.16
198.462 100.926
198.716 101.703
198.972 102.487
199.242 103.284
199.517 104.093
199.798 104.914
200.083 105.745
200.371 106.591
200.661 107.444
200.955 108.306
201.252 109.169
201.55 110.032
201.848 110.893
202.151 111.754
202.454 112.621
202.757 113.487
203.059 114.35
203.364 115.214
203.665 116.082
203.984 117
204.266 117.82
204.563 118.69
204.858 119.562
205.151 120.437
205.445 121.309
205.735 122.179
206.023 123.049
206.312 123.92
206.599 124.79
206.881 125.657
207.162 126.52
207.441 127.377
207.712 128.226
207.98 129.071
208.243 129.908
208.502 130.736
208.751 131.553
208.997 132.35
209.239 133.144
209.465 133.899
209.687 134.654
209.905 135.39
210.115 136.111
210.316 136.813
210.505 137.493
210.684 138.15
210.853 138.781
211.015 139.387
211.168 139.969
211.315 140.528
211.456 141.062
211.592 141.577
211.724 142.072
211.848 142.554
211.968 143.023
212.088 143.49
212.202 143.94
212.315 144.396
212.419 144.849
212.509 145.296
212.587 145.739
212.644 146.171
212.693 146.609
212.728 147.044
212.735 147.467
212.736 147.897
212.698 148.309
212.655 148.728
212.594 149.14
212.491 149.528
212.395 149.931
212.253 150.305
212.12 150.688
211.968 151.061
211.765 151.398
211.571 151.74
211.328 152.041
211.1 152.351
210.858 152.646
210.571 152.9
210.304 153.167
209.986 153.386
209.69 153.61
209.384 153.816
209.036 153.976
208.71 154.128
208.345 154.238
208.004 154.357
207.629 154.447
207.27 154.537
206.903 154.612
206.514 154.664
206.137 154.727
205.743 154.786
205.343 154.84
204.924 154.869
204.498 154.895
204.055 154.916
203.602 154.948
203.136 154.982
202.653 155.003
202.15 155.02
201.62 155.019
201.071 155.005
200.504 154.98
199.92 154.957
199.318 154.934
198.697 154.91
198.057 154.885
197.401 154.857
196.723 154.826
196.029 154.796
195.317 154.772
194.586 154.754
193.837 154.749
193.071 154.75
192.285 154.76
191.485 154.779
190.669 154.809
189.835 154.851
188.985 154.903
188.123 154.966
187.254 155.041
186.382 155.122
185.506 155.21
184.63 155.303
183.754 155.401
182.877 155.503
181.999 155.604
181.114 155.705
180.229 155.806
179.34 155.906
178.45 156.008
177.558 156.111
176.665 156.218
175.773 156.324
174.881 156.428
173.987 156.532
173.098 156.639
172.211 156.746
171.32 156.849
170.423 156.953
169.532 157.058
168.641 157.161
167.749 157.264
166.857 157.368
165.965 157.472
165.077 157.577
164.166 157.688
163.305 157.795
162.423 157.906
161.544 158.015
160.668 158.127
159.791 158.237
158.917 158.348
158.045 158.461
157.173 158.573
156.307 158.686
155.435 158.799
154.57 158.914
153.702 159.03
152.83 159.144
151.954 159.259
151.075 159.379
150.19 159.501
149.301 159.622
148.418 159.744
147.523 159.874
146.626 160.006
145.726 160.131
144.824 160.257
143.922 160.391
143.007 160.517
142.09 160.64
141.169 160.768
140.245 160.894
139.316 161.019
138.373 161.138
137.441 161.249
136.497 161.358
135.547 161.464
134.595 161.56
133.636 161.656
132.677 161.749
131.711 161.841
130.741 161.936
129.767 162.034
128.789 162.129
127.789 162.224
126.824 162.314
125.847 162.403
124.87 162.489
123.895 162.576
122.923 162.663
121.952 162.748
120.983 162.833
120.011 162.917
119.04 162.998
118.068 163.082
117.096 163.165
116.126 163.248
115.153 163.332
114.183 163.418
113.213 163.504
112.241 163.591
111.271 163.676
110.299 163.762
109.33 163.845
108.36 163.93
107.386 164.015
106.417 164.101
105.445 164.185
104.478 164.269
103.509 164.353
102.541 164.435
101.572 164.514
100.608 164.594
99.6444 164.672
98.6801 164.752
97.7162 164.836
96.7447 164.928
95.7795 165.025
94.8134 165.123
93.8493 165.223
92.8865 165.326
91.9184 165.427
90.9521 165.53
89.9719 165.637
89.0282 165.743
88.0654 165.851
87.0961 165.963
86.1262 166.075
85.1505 166.192
84.1841 166.305
83.2161 166.418
82.2426 166.531
81.2656 166.646
80.2869 166.754
79.3118 166.863
78.3389 166.974
77.3672 167.087
76.3933 167.202
75.4097 167.314
74.4248 167.427
73.4387 167.539
72.4561 167.648
71.4726 167.755
70.4852 167.863
69.4976 167.968
68.5083 168.07
67.5198 168.168
66.5297 168.262
65.5363 168.354
64.5409 168.442
63.5437 168.53
62.5421 168.615
61.5404 168.697
60.5389 168.778
59.5393 168.859
58.5372 168.941
57.536 169.021
56.5341 169.103
55.5339 169.185
54.5342 169.265
53.5363 169.343
52.5433 169.42
51.5499 169.495
50.5616 169.567
49.5719 169.64
48.5877 169.708
47.6118 169.776
46.6355 169.84
45.6609 169.901
44.6818 169.959
43.7101 170.017
42.7442 170.072
41.7818 170.125
40.8234 170.177
39.8647 170.228
38.9072 170.278
37.953 170.328
37.0042 170.377
36.0688 170.426
35.1329 170.474
34.2079 170.519
33.29 170.561
32.3853 170.603
31.4845 170.642
30.5818 170.679
29.7044 170.713
28.8259 170.746
27.9548 170.777
27.0934 170.807
26.2444 170.834
25.4055 170.857
24.5832 170.877
23.7758 170.897
22.9862 170.916
22.2093 170.938
21.4456 170.964
20.6909 170.994
19.9443 171.028
19.2061 171.065
18.4727 171.103
17.748 171.142
17.0282 171.183
16.3141 171.228
15.6068 171.273
14.8995 171.317
14.2232 171.36
13.5455 171.404
12.8758 171.447
12.2162 171.492
11.5681 171.54
10.9339 171.588
10.3137 171.638
9.70917 171.687
9.12053 171.74
8.55146 171.796
7.99864 171.854
7.46175 171.909
6.93851 171.966
6.43264 172.024
5.9412 172.09
5.46164 172.156
4.99536 172.228
4.54199 172.299
4.1011 172.376
3.67436 172.461
3.26275 172.549
2.86458 172.644
2.47555 172.739
2.10015 172.84
1.73714 172.944
1.3941 173.061
1.0667 173.186
0.749034 173.313
0.435287 173.449
0.124488 173.585
-0.194002 173.743
-0.481995 173.905
-0.774407 174.082
-1.05628 174.26
-1.32486 174.457
-1.58099 174.666
-1.82705 174.866
-2.06539 175.092
-2.29897 175.308
-2.53316 175.557
-2.7621 175.809
-2.984 176.102
-3.19765 176.414
-3.40846 176.72
-3.61363 177.056
-3.80931 177.392
-3.99476 177.764
-4.17251 178.135
-4.34195 178.538
-4.50601 178.952
-4.65889 179.398
-4.80267 179.873
-4.93093 180.367
-5.03712 180.879
-5.13238 181.397
-5.21269 181.953
-5.27335 182.524
-5.31934 183.105
-5.35152 183.715
-5.37439 184.332
-5.38621 184.972
-5.39232 185.625
-5.39418 186.293
-5.39249 186.981
-5.38794 187.683
-5.38074 188.4
-5.3739 189.128
-5.37215 189.872
-5.37608 190.633
-5.38351 191.407
-5.38659 192.193
-5.38856 192.984
-5.3974 193.782
-5.40602 194.585
-5.41488 195.395
-5.42512 196.207
-5.44044 197.018
-5.4507 197.828
-5.46379 198.639
-5.47598 199.457
-5.48971 200.28
-5.50283 201.108
-5.51484 201.934
-5.53031 202.76
-5.54606 203.584
-5.56006 204.407
-5.57464 205.23
-5.59592 206.049
-5.6168 206.864
-5.6384 207.676
-5.66336 208.488
-5.69212 209.294
-5.7197 210.095
-5.74662 210.888
-5.77568 211.678
-5.80704 212.46
-5.8361 213.232
-5.86077 213.99
-5.88549 214.732
-5.91233 215.454
-5.9409 216.159
-5.97002 216.847
-5.99631 217.516
-6.02328 218.169
-6.05376 218.804
-6.08427 219.412
-6.11459 220.001
-6.14573 220.567
-6.1781 221.114
-6.20908 221.641
-6.23967 222.147
-6.2677 222.631
-6.29009 223.095
-6.30844 223.545
-6.31985 223.988
-6.32374 224.427
-6.31942 224.867
-6.30439 225.299
-6.27433 225.732
-6.23617 226.152
-6.19086 226.569
-6.13226 226.985
-6.05534 227.383
-5.95913 227.787
-5.84254 228.167
-5.70541 228.552
-5.55735 228.91
-5.39245 229.278
-5.21527 229.621
-5.034 229.963
-4.84275 230.276
-4.63922 230.599
-4.4127 230.913
-4.1627 231.193
-3.8942 231.486
-3.61705 231.743
-3.33917 232.032
-3.05112 232.292
-2.73811 232.558
-2.39757 232.795
-2.03929 232.974
-1.66356 233.174
-1.27852 233.345
-0.874758 233.542
-0.435952 233.703
0.00239807 233.849
0.470349 233.981
0.952823 234.072
1.45182 234.167
1.96817 234.246
2.50406 234.327
3.06334 234.395
3.63315 234.447
4.21949 234.492
4.8184 234.522
5.43245 234.536
6.06874 234.536
6.71886 234.53
7.38999 234.522
8.0742 234.506
8.77187 234.477
9.48222 234.437
10.2063 234.393
10.95 234.353
11.714 234.319
12.4926 234.282
13.2837 234.243
14.0799 234.197
14.887 234.157
15.6982 234.114
16.5014 234.08
17.3047 234.044
18.1098 234.011
18.9182 233.981
19.7262 233.956
20.5389 233.937
21.3503 233.92
22.1668 233.908
23.0004 233.896
23.8119 233.893
24.6346 233.893
25.4545 233.896
26.2767 233.893
27.1013 233.893
27.9277 233.889
28.7547 233.888
29.5826 233.88
30.4079 233.872
31.2345 233.863
32.0587 233.86
32.8821 233.854
33.7038 233.849
34.5227 233.842
35.3385 233.829
36.1534 233.818
36.9686 233.805
37.7795 233.791
38.5853 233.772
39.3838 233.751
40.1794 233.727
40.9714 233.707
41.7628 233.684
42.5523 233.662
43.3372 233.643
44.1237 233.622
44.9078 233.596
45.6897 233.571
46.4584 233.547
47.2269 233.521
47.994 233.49
48.7585 233.462
49.5228 233.435
50.2844 233.411
51.0452 233.39
51.8031 233.37
52.557 233.346
53.3041 233.323
54.05 233.306
54.7957 233.283
55.5503 233.252
56.2806 233.226
57.0082 233.21
57.7232 233.181
58.4456 233.148
59.1737 233.123
59.9002 233.105
60.62 233.087
61.3337 233.066
62.0438 233.046
62.7505 233.037
63.4544 233.03
64.1522 233.017
64.8463 232.998
65.5395 232.98
66.2264 232.96
66.9079 232.934
